[-437, 508, 6503]
[-439, 518, 6521]
[-439, 518, 6521]
[-439, 518, 6521]
[-439, 518, 6521]
[-439, 518, 6521]
[-439, 518, 6521]
[-439, 518, 6521]
[-439, 518, 6521]
[-433, 497, 6509]
[-433, 497, 6509]
[-433, 497, 6509]
[-433, 497, 6509]
[-433, 497, 6509]
[-433, 497, 6509]
[-433, 497, 6509]
[-433, 497, 6509]
[-435, 460, 6451]
[-435, 460, 6451]
[-435, 460, 6451]
[-435, 460, 6451]
[-435, 460, 6451]
[-435, 460, 6451]
[-435, 460, 6451]
[-435, 460, 6451]
[-435, 460, 6451]
[-454, 504, 6484]
[-454, 504, 6484]
[-454, 504, 6484]
[-454, 504, 6484]
[-454, 504, 6484]
[-454, 504, 6484]
[-454, 504, 6484]
[-454, 504, 6484]
[-485, 514, 6527]
[-485, 514, 6527]
[-485, 514, 6527]
[-485, 514, 6527]
[-485, 514, 6527]
[-485, 514, 6527]
[-485, 514, 6527]
[-485, 514, 6527]
[-485, 514, 6527]
[-461, 498, 6536]
[-461, 498, 6536]
[-461, 498, 6536]
[-461, 498, 6536]
[-461, 498, 6536]
[-461, 498, 6536]
[-461, 498, 6536]
[-461, 498, 6536]
[-486, 489, 6512]
[-486, 489, 6512]
[-486, 489, 6512]
[-486, 489, 6512]
[-486, 489, 6512]
[-486, 489, 6512]
[-486, 489, 6512]
[-486, 489, 6512]
[-473, 486, 6504]
[-473, 486, 6504]
[-473, 486, 6504]
[-473, 486, 6504]
[-473, 486, 6504]
[-473, 486, 6504]
[-473, 486, 6504]
[-473, 486, 6504]
[-473, 486, 6504]
[-471, 488, 6541]
[-471, 488, 6541]
[-471, 488, 6541]
[-471, 488, 6541]
[-471, 488, 6541]
[-471, 488, 6541]
[-471, 488, 6541]
[-471, 488, 6541]
[-498, 494, 6521]
[-498, 494, 6521]
[-498, 494, 6521]
[-498, 494, 6521]
[-498, 494, 6521]
[-498, 494, 6521]
[-498, 494, 6521]
[-498, 494, 6521]
[-489, 492, 6562]
[-489, 492, 6562]
[-489, 492, 6562]
[-489, 492, 6562]
[-489, 492, 6562]
[-489, 492, 6562]
[-489, 492, 6562]
[-489, 492, 6562]
[-461, 502, 6493]
[-461, 502, 6493]
[-461, 502, 6493]
[-461, 502, 6493]
[-461, 502, 6493]
[-461, 502, 6493]
[-461, 502, 6493]
[-461, 502, 6493]
[-461, 502, 6493]
[-443, 492, 6543]
[-443, 492, 6543]
[-443, 492, 6543]
[-443, 492, 6543]
[-443, 492, 6543]
[-443, 492, 6543]
[-443, 492, 6543]
[-443, 492, 6543]
[-468, 504, 6492]
[-468, 504, 6492]
[-468, 504, 6492]
[-468, 504, 6492]
[-468, 504, 6492]
[-468, 504, 6492]
[-468, 504, 6492]
[-468, 504, 6492]
[-446, 567, 6526]
[-446, 567, 6526]
[-446, 567, 6526]
[-446, 567, 6526]
[-446, 567, 6526]
[-446, 567, 6526]
[-446, 567, 6526]
[-446, 567, 6526]
[-446, 567, 6526]
[-464, 502, 6528]
[-464, 502, 6528]
[-464, 502, 6528]
[-464, 502, 6528]
[-464, 502, 6528]
[-464, 502, 6528]
[-464, 502, 6528]
[-464, 502, 6528]
[-456, 514, 6518]
[-456, 514, 6518]
[-456, 514, 6518]
[-456, 514, 6518]
[-456, 514, 6518]
[-456, 514, 6518]
[-456, 514, 6518]
[-456, 514, 6518]
[-459, 509, 6515]
[-459, 509, 6515]
[-459, 509, 6515]
[-459, 509, 6515]
[-459, 509, 6515]
[-459, 509, 6515]
[-459, 509, 6515]
[-459, 509, 6515]
[-459, 509, 6515]
[-447, 512, 6525]
[-447, 512, 6525]
[-447, 512, 6525]
[-447, 512, 6525]
[-447, 512, 6525]
[-447, 512, 6525]
[-447, 512, 6525]
[-447, 512, 6525]
[-439, 508, 6523]
[-439, 508, 6523]
[-439, 508, 6523]
[-439, 508, 6523]
[-439, 508, 6523]
[-439, 508, 6523]
[-439, 508, 6523]
[-439, 508, 6523]
[-419, 494, 6523]
[-419, 494, 6523]
[-419, 494, 6523]
[-419, 494, 6523]
[-419, 494, 6523]
[-419, 494, 6523]
[-419, 494, 6523]
[-419, 494, 6523]
[-456, 510, 6525]
[-456, 510, 6525]
[-456, 510, 6525]
[-456, 510, 6525]
[-456, 510, 6525]
[-456, 510, 6525]
[-456, 510, 6525]
[-456, 510, 6525]
[-456, 510, 6525]
[-448, 505, 6515]
[-448, 505, 6515]
[-448, 505, 6515]
[-448, 505, 6515]
[-448, 505, 6515]
[-448, 505, 6515]
[-448, 505, 6515]
[-448, 505, 6515]
[-462, 510, 6515]
[-462, 510, 6515]
[-462, 510, 6515]
[-462, 510, 6515]
[-462, 510, 6515]
[-462, 510, 6515]
[-462, 510, 6515]
[-462, 510, 6515]
[-458, 489, 6556]
[-458, 489, 6556]
[-458, 489, 6556]
[-458, 489, 6556]
[-458, 489, 6556]
[-458, 489, 6556]
[-458, 489, 6556]
[-458, 489, 6556]
[-458, 489, 6556]
[-460, 505, 6512]
[-460, 505, 6512]
[-460, 505, 6512]
[-460, 505, 6512]
[-460, 505, 6512]
[-460, 505, 6512]
[-460, 505, 6512]
[-460, 505, 6512]
[-425, 505, 6465]
[-425, 505, 6465]
[-425, 505, 6465]
[-425, 505, 6465]
[-425, 505, 6465]
[-425, 505, 6465]
[-425, 505, 6465]
[-425, 505, 6465]
[-438, 484, 6526]
[-438, 484, 6526]
[-438, 484, 6526]
[-438, 484, 6526]
[-438, 484, 6526]
[-438, 484, 6526]
[-438, 484, 6526]
[-438, 484, 6526]
[-438, 509, 6484]
[-475, 509, 6484]
[-475, 509, 6484]
[-475, 509, 6484]
[-475, 509, 6484]
[-475, 509, 6484]
[-475, 509, 6484]
[-475, 509, 6484]
[-475, 509, 6484]
[-471, 525, 6515]
[-471, 525, 6515]
[-471, 525, 6515]
[-471, 525, 6515]
[-471, 525, 6515]
[-471, 525, 6515]
[-471, 525, 6515]
[-471, 525, 6515]
[-469, 486, 6524]
[-469, 486, 6524]
[-469, 486, 6524]
[-469, 486, 6524]
[-469, 486, 6524]
[-469, 486, 6524]
[-469, 486, 6524]
[-469, 486, 6524]
[-458, 503, 6562]
[-458, 503, 6562]
[-458, 503, 6562]
[-458, 503, 6562]
[-458, 503, 6562]
[-458, 503, 6562]
[-458, 503, 6562]
[-458, 503, 6562]
[-494, 494, 6494]
[-494, 494, 6494]
[-494, 494, 6494]
[-494, 494, 6494]
[-494, 494, 6494]
[-494, 494, 6494]
[-494, 494, 6494]
[-494, 494, 6494]
[-494, 494, 6494]
[-444, 518, 6487]
[-444, 518, 6487]
[-444, 518, 6487]
[-444, 518, 6487]
[-444, 518, 6487]
[-444, 518, 6487]
[-444, 518, 6487]
[-444, 518, 6487]
[-437, 496, 6524]
[-437, 496, 6524]
[-437, 496, 6524]
[-437, 496, 6524]
[-437, 496, 6524]
[-437, 496, 6524]
[-437, 496, 6524]
[-437, 496, 6524]
[-417, 482, 6549]
[-417, 482, 6549]
[-417, 482, 6549]
[-417, 482, 6549]
[-417, 482, 6549]
[-417, 482, 6549]
[-417, 482, 6549]
[-417, 482, 6549]
[-417, 482, 6549]
[-434, 488, 6537]
[-434, 488, 6537]
[-434, 488, 6537]
[-434, 488, 6537]
[-434, 488, 6537]
[-434, 488, 6537]
[-434, 488, 6537]
[-434, 488, 6537]
[-422, 493, 6499]
[-422, 493, 6499]
[-422, 493, 6499]
[-422, 493, 6499]
[-422, 493, 6499]
[-422, 493, 6499]
[-422, 493, 6499]
[-422, 493, 6499]
[-451, 472, 6486]
[-451, 472, 6486]
[-451, 472, 6486]
[-451, 472, 6486]
[-451, 472, 6486]
[-451, 472, 6486]
[-451, 472, 6486]
[-451, 472, 6486]
[-451, 472, 6486]
[-467, 489, 6499]
[-467, 489, 6499]
[-467, 489, 6499]
[-467, 489, 6499]
[-467, 489, 6499]
[-467, 489, 6499]
[-467, 489, 6499]
[-467, 489, 6499]
[-461, 492, 6514]
[-461, 492, 6514]
[-461, 492, 6514]
[-461, 492, 6514]
[-461, 492, 6514]
[-461, 492, 6514]
[-461, 492, 6514]
[-461, 492, 6514]
[-448, 478, 6506]
[-448, 478, 6506]
[-448, 478, 6506]
[-448, 478, 6506]
[-448, 478, 6506]
[-448, 478, 6506]
[-448, 478, 6506]
[-448, 478, 6506]
[-448, 478, 6506]
[-454, 489, 6495]
[-454, 489, 6495]
[-454, 489, 6495]
[-454, 489, 6495]
[-454, 489, 6495]
[-454, 489, 6495]
[-454, 489, 6495]
[-454, 489, 6495]
[-428, 508, 6528]
[-428, 508, 6528]
[-428, 508, 6528]
[-428, 508, 6528]
[-428, 508, 6528]
[-428, 508, 6528]
[-428, 508, 6528]
[-428, 508, 6528]
[-425, 499, 6490]
[-425, 499, 6490]
[-425, 499, 6490]
[-425, 499, 6490]
[-425, 499, 6490]
[-425, 499, 6490]
[-425, 499, 6490]
[-425, 499, 6490]
[-425, 499, 6490]
[-420, 491, 6481]
[-420, 491, 6481]
[-420, 491, 6481]
[-420, 491, 6481]
[-420, 491, 6481]
[-420, 491, 6481]
[-420, 491, 6481]
[-420, 491, 6481]
[-427, 521, 6478]
[-427, 521, 6478]
[-427, 521, 6478]
[-427, 521, 6478]
[-427, 521, 6478]
[-427, 521, 6478]
[-427, 521, 6478]
[-427, 521, 6478]
[-471, 493, 6486]
[-471, 493, 6486]
[-471, 493, 6486]
[-471, 493, 6486]
[-471, 493, 6486]
[-471, 493, 6486]
[-471, 493, 6486]
[-471, 493, 6486]
[-471, 493, 6486]
[-418, 482, 6528]
[-418, 482, 6528]
[-418, 482, 6528]
[-418, 482, 6528]
[-418, 482, 6528]
[-418, 482, 6528]
[-418, 482, 6528]
[-418, 482, 6528]
[-402, 523, 6524]
[-402, 523, 6524]
[-402, 523, 6524]
[-402, 523, 6524]
[-402, 523, 6524]
[-402, 523, 6524]
[-402, 523, 6524]
[-402, 523, 6524]
[-458, 510, 6456]
[-458, 510, 6456]
[-458, 510, 6456]
[-458, 510, 6456]
[-458, 510, 6456]
[-458, 510, 6456]
[-458, 510, 6456]
[-458, 510, 6456]
[-458, 510, 6456]
[-448, 521, 6496]
[-448, 521, 6496]
[-448, 521, 6496]
[-448, 521, 6496]
[-448, 521, 6496]
[-448, 521, 6496]
[-448, 521, 6496]
[-448, 521, 6496]
[-481, 490, 6496]
[-481, 490, 6496]
[-481, 490, 6496]
[-481, 490, 6496]
[-481, 490, 6496]
[-481, 490, 6496]
[-481, 490, 6496]
[-481, 490, 6496]
[-458, 532, 6537]
[-458, 532, 6537]
[-458, 532, 6537]
[-458, 532, 6537]
[-458, 532, 6537]
[-458, 532, 6537]
[-458, 532, 6537]
[-458, 532, 6537]
[-458, 532, 6537]
[-441, 500, 6564]
[-441, 500, 6564]
[-441, 500, 6564]
[-441, 500, 6564]
[-441, 500, 6564]
[-441, 500, 6564]
[-441, 500, 6564]
[-441, 500, 6564]
[-447, 502, 6478]
[-447, 502, 6478]
[-447, 502, 6478]
[-447, 502, 6478]
[-447, 502, 6478]
[-447, 502, 6478]
[-447, 502, 6478]
[-447, 502, 6478]
[-441, 503, 6532]
[-441, 503, 6532]
[-441, 503, 6532]
[-441, 503, 6532]
[-441, 503, 6532]
[-441, 503, 6532]
[-441, 503, 6532]
[-441, 503, 6532]
[-441, 503, 6532]
[-427, 475, 6525]
[-427, 475, 6525]
[-427, 475, 6525]
[-427, 475, 6525]
[-427, 475, 6525]
[-427, 475, 6525]
[-427, 475, 6525]
[-427, 475, 6525]
[-432, 471, 6515]
[-432, 471, 6515]
[-432, 471, 6515]
[-432, 471, 6515]
[-432, 471, 6515]
[-432, 471, 6515]
[-432, 471, 6515]
[-432, 471, 6515]
[-422, 493, 6572]
[-422, 493, 6572]
[-422, 493, 6572]
[-422, 493, 6572]
[-422, 493, 6572]
[-422, 493, 6572]
[-422, 493, 6572]
[-422, 493, 6572]
[-435, 473, 6506]
[-435, 473, 6506]
[-435, 473, 6506]
[-435, 473, 6506]
[-435, 473, 6506]
[-435, 473, 6506]
[-435, 473, 6506]
[-435, 473, 6506]
[-435, 473, 6506]
[-459, 465, 6531]
[-459, 465, 6531]
[-459, 465, 6531]
[-459, 465, 6531]
[-459, 465, 6531]
[-459, 465, 6531]
[-459, 465, 6531]
[-459, 465, 6531]
[-419, 482, 6536]
[-419, 482, 6536]
[-419, 482, 6536]
[-419, 482, 6536]
[-419, 482, 6536]
[-419, 482, 6536]
[-419, 482, 6536]
[-419, 482, 6536]
[-425, 493, 6528]
[-425, 493, 6528]
[-425, 493, 6528]
[-425, 493, 6528]
[-425, 493, 6528]
[-425, 493, 6528]
[-425, 493, 6528]
[-425, 493, 6528]
[-434, 465, 6509]
[-434, 465, 6509]
[-434, 465, 6509]
[-434, 465, 6509]
[-434, 465, 6509]
[-434, 465, 6509]
[-434, 465, 6509]
[-434, 465, 6509]
[-434, 465, 6509]
[-449, 484, 6499]
[-449, 484, 6499]
[-449, 484, 6499]
[-449, 484, 6499]
[-449, 484, 6499]
[-449, 484, 6499]
[-449, 484, 6499]
[-449, 484, 6499]
[-442, 474, 6515]
[-442, 474, 6515]
[-442, 474, 6515]
[-442, 474, 6515]
[-442, 474, 6515]
[-442, 474, 6515]
[-442, 474, 6515]
[-442, 474, 6515]
[-456, 464, 6498]
[-456, 464, 6498]
[-456, 464, 6498]
[-456, 464, 6498]
[-456, 464, 6498]
[-456, 464, 6498]
[-456, 464, 6498]
[-456, 464, 6498]
[-442, 495, 6530]
[-442, 495, 6530]
[-442, 495, 6530]
[-442, 495, 6530]
[-442, 495, 6530]
[-442, 495, 6530]
[-442, 495, 6530]
[-442, 495, 6530]
[-442, 483, 6530]
[-473, 483, 6530]
[-473, 483, 6530]
[-473, 483, 6530]
[-473, 483, 6530]
[-473, 483, 6530]
[-473, 483, 6530]
[-473, 483, 6530]
[-473, 483, 6530]
[-440, 459, 6544]
[-440, 459, 6544]
[-440, 459, 6544]
[-440, 459, 6544]
[-440, 459, 6544]
[-440, 459, 6544]
[-440, 459, 6544]
[-440, 459, 6544]
[-423, 522, 6576]
[-423, 522, 6576]
[-423, 522, 6576]
[-423, 522, 6576]
[-423, 522, 6576]
[-423, 522, 6576]
[-423, 522, 6576]
[-423, 522, 6576]
[-449, 466, 6473]
[-449, 466, 6473]
[-449, 466, 6473]
[-449, 466, 6473]
[-449, 466, 6473]
[-449, 466, 6473]
[-449, 466, 6473]
[-449, 466, 6473]
[-449, 466, 6473]
[-459, 490, 6524]
[-459, 490, 6524]
[-459, 490, 6524]
[-459, 490, 6524]
[-459, 490, 6524]
[-459, 490, 6524]
[-459, 490, 6524]
[-459, 490, 6524]
[-418, 509, 6526]
[-418, 509, 6526]
[-418, 509, 6526]
[-418, 509, 6526]
[-418, 509, 6526]
[-418, 509, 6526]
[-418, 509, 6526]
[-418, 509, 6526]
[-428, 494, 6526]
[-428, 494, 6526]
[-428, 494, 6526]
[-428, 494, 6526]
[-428, 494, 6526]
[-428, 494, 6526]
[-428, 494, 6526]
[-428, 494, 6526]
[-428, 494, 6526]
[-450, 493, 6516]
[-450, 493, 6516]
[-450, 493, 6516]
[-450, 493, 6516]
[-450, 493, 6516]
[-450, 493, 6516]
[-450, 493, 6516]
[-450, 493, 6516]
[-467, 509, 6521]
[-467, 509, 6521]
[-467, 509, 6521]
[-467, 509, 6521]
[-467, 509, 6521]
[-467, 509, 6521]
[-467, 509, 6521]
[-467, 509, 6521]
[-450, 470, 6532]
[-450, 470, 6532]
[-450, 470, 6532]
[-450, 470, 6532]
[-450, 470, 6532]
[-450, 470, 6532]
[-450, 470, 6532]
[-450, 470, 6532]
[-401, 486, 6524]
[-401, 486, 6524]
[-401, 486, 6524]
[-401, 486, 6524]
[-401, 486, 6524]
[-401, 486, 6524]
[-401, 486, 6524]
[-401, 486, 6524]
[-401, 486, 6524]
[-437, 496, 6509]
[-437, 496, 6509]
[-437, 496, 6509]
[-437, 496, 6509]
[-437, 496, 6509]
[-437, 496, 6509]
[-437, 496, 6509]
[-437, 496, 6509]
[-460, 476, 6531]
[-460, 476, 6531]
[-460, 476, 6531]
[-460, 476, 6531]
[-460, 476, 6531]
[-460, 476, 6531]
[-460, 476, 6531]
[-460, 476, 6531]
[-456, 524, 6527]
[-456, 524, 6527]
[-456, 524, 6527]
[-456, 524, 6527]
[-456, 524, 6527]
[-456, 524, 6527]
[-456, 524, 6527]
[-456, 524, 6527]
[-456, 524, 6527]
[-433, 506, 6511]
[-433, 506, 6511]
[-433, 506, 6511]
[-433, 506, 6511]
[-433, 506, 6511]
[-433, 506, 6511]
[-433, 506, 6511]
[-433, 506, 6511]
[-437, 486, 6534]
[-437, 486, 6534]
[-437, 486, 6534]
[-437, 486, 6534]
[-437, 486, 6534]
[-437, 486, 6534]
[-437, 486, 6534]
[-437, 486, 6534]
[-441, 488, 6517]
[-441, 488, 6517]
[-441, 488, 6517]
[-441, 488, 6517]
[-441, 488, 6517]
[-441, 488, 6517]
[-441, 488, 6517]
[-441, 488, 6517]
[-441, 488, 6517]
[-425, 484, 6477]
[-425, 484, 6477]
[-425, 484, 6477]
[-425, 484, 6477]
[-425, 484, 6477]
[-425, 484, 6477]
[-425, 484, 6477]
[-425, 484, 6477]
[-431, 492, 6510]
[-431, 492, 6510]
[-431, 492, 6510]
[-431, 492, 6510]
[-431, 492, 6510]
[-431, 492, 6510]
[-431, 492, 6510]
[-431, 492, 6510]
[-443, 490, 6518]
[-443, 490, 6518]
[-443, 490, 6518]
[-443, 490, 6518]
[-443, 490, 6518]
[-443, 490, 6518]
[-443, 490, 6518]
[-443, 490, 6518]
[-443, 490, 6518]
[-423, 496, 6527]
[-423, 496, 6527]
[-423, 496, 6527]
[-423, 496, 6527]
[-423, 496, 6527]
[-423, 496, 6527]
[-423, 496, 6527]
[-423, 496, 6527]
[-444, 477, 6513]
[-444, 477, 6513]
[-444, 477, 6513]
[-444, 477, 6513]
[-444, 477, 6513]
[-444, 477, 6513]
[-444, 477, 6513]
[-444, 477, 6513]
[-434, 498, 6506]
[-434, 498, 6506]
[-434, 498, 6506]
[-434, 498, 6506]
[-434, 498, 6506]
[-434, 498, 6506]
[-434, 498, 6506]
[-434, 498, 6506]
[-434, 498, 6506]
[-404, 500, 6477]
[-404, 500, 6477]
[-404, 500, 6477]
[-404, 500, 6477]
[-404, 500, 6477]
[-404, 500, 6477]
[-404, 500, 6477]
[-404, 500, 6477]
[-435, 522, 6470]
[-435, 522, 6470]
[-435, 522, 6470]
[-435, 522, 6470]
[-435, 522, 6470]
[-435, 522, 6470]
[-435, 522, 6470]
[-435, 522, 6470]
[-435, 522, 6470]
[-460, 507, 6509]
[-460, 507, 6509]
[-460, 507, 6509]
[-460, 507, 6509]
[-460, 507, 6509]
[-460, 507, 6509]
[-460, 507, 6509]
[-460, 507, 6509]
[-436, 515, 6487]
[-436, 515, 6487]
[-436, 515, 6487]
[-436, 515, 6487]
[-436, 515, 6487]
[-436, 515, 6487]
[-436, 515, 6487]
[-436, 515, 6487]
[-447, 511, 6476]
[-447, 511, 6476]
[-447, 511, 6476]
[-447, 511, 6476]
[-447, 511, 6476]
[-447, 511, 6476]
[-447, 511, 6476]
[-447, 511, 6476]
[-447, 511, 6476]
[-477, 478, 6498]
[-477, 478, 6498]
[-477, 478, 6498]
[-477, 478, 6498]
[-477, 478, 6498]
[-477, 478, 6498]
[-477, 478, 6498]
[-477, 478, 6498]
[-452, 453, 6464]
[-452, 453, 6464]
[-452, 453, 6464]
[-452, 453, 6464]
[-452, 453, 6464]
[-452, 453, 6464]
[-452, 453, 6464]
[-452, 453, 6464]
[-421, 491, 6523]
[-421, 491, 6523]
[-421, 491, 6523]
[-421, 491, 6523]
[-421, 491, 6523]
[-421, 491, 6523]
[-421, 491, 6523]
[-421, 491, 6523]
[-421, 491, 6523]
[-445, 483, 6524]
[-445, 483, 6524]
[-445, 483, 6524]
[-445, 483, 6524]
[-445, 483, 6524]
[-445, 483, 6524]
[-445, 483, 6524]
[-445, 483, 6524]
[-461, 490, 6480]
[-461, 490, 6480]
[-461, 490, 6480]
[-461, 490, 6480]
[-461, 490, 6480]
[-461, 490, 6480]
[-461, 490, 6480]
[-461, 490, 6480]
[-461, 490, 6480]
[-433, 481, 6514]
[-433, 481, 6514]
[-433, 481, 6514]
[-433, 481, 6514]
[-433, 481, 6514]
[-433, 481, 6514]
[-433, 481, 6514]
[-433, 481, 6514]
[-482, 495, 6496]
[-482, 495, 6496]
[-482, 495, 6496]
[-482, 495, 6496]
[-482, 495, 6496]
[-482, 495, 6496]
[-482, 495, 6496]
[-482, 495, 6496]
[-482, 512, 6502]
[-475, 512, 6502]
[-475, 512, 6502]
[-475, 512, 6502]
[-475, 512, 6502]
[-475, 512, 6502]
[-475, 512, 6502]
[-475, 512, 6502]
[-475, 512, 6502]
[-454, 499, 6482]
[-454, 499, 6482]
[-454, 499, 6482]
[-454, 499, 6482]
[-454, 499, 6482]
[-454, 499, 6482]
[-454, 499, 6482]
[-454, 499, 6482]
[-455, 490, 6519]
[-455, 490, 6519]
[-455, 490, 6519]
[-455, 490, 6519]
[-455, 490, 6519]
[-455, 490, 6519]
[-455, 490, 6519]
[-455, 490, 6519]
[-447, 525, 6508]
[-447, 525, 6508]
[-447, 525, 6508]
[-447, 525, 6508]
[-447, 525, 6508]
[-447, 525, 6508]
[-447, 525, 6508]
[-447, 525, 6508]
[-447, 525, 6508]
[-445, 499, 6499]
[-445, 499, 6499]
[-445, 499, 6499]
[-445, 499, 6499]
[-445, 499, 6499]
[-445, 499, 6499]
[-445, 499, 6499]
[-445, 499, 6499]
[-428, 494, 6492]
[-428, 494, 6492]
[-428, 494, 6492]
[-428, 494, 6492]
[-428, 494, 6492]
[-428, 494, 6492]
[-428, 494, 6492]
[-428, 494, 6492]
[-437, 469, 6508]
[-437, 469, 6508]
[-437, 469, 6508]
[-437, 469, 6508]
[-437, 469, 6508]
[-437, 469, 6508]
[-437, 469, 6508]
[-437, 469, 6508]
[-468, 532, 6503]
[-468, 532, 6503]
[-468, 532, 6503]
[-468, 532, 6503]
[-468, 532, 6503]
[-468, 532, 6503]
[-468, 532, 6503]
[-468, 532, 6503]
[-464, 465, 6517]
[-464, 465, 6517]
[-464, 465, 6517]
[-464, 465, 6517]
[-464, 465, 6517]
[-464, 465, 6517]
[-464, 465, 6517]
[-464, 465, 6517]
[-464, 465, 6517]
[-449, 493, 6500]
[-449, 493, 6500]
[-449, 493, 6500]
[-449, 493, 6500]
[-449, 493, 6500]
[-449, 493, 6500]
[-449, 493, 6500]
[-449, 493, 6500]
[-419, 508, 6511]
[-419, 508, 6511]
[-419, 508, 6511]
[-419, 508, 6511]
[-419, 508, 6511]
[-419, 508, 6511]
[-419, 508, 6511]
[-419, 508, 6511]
[-456, 474, 6523]
[-456, 474, 6523]
[-456, 474, 6523]
[-456, 474, 6523]
[-456, 474, 6523]
[-456, 474, 6523]
[-456, 474, 6523]
[-456, 474, 6523]
[-477, 496, 6475]
[-477, 496, 6475]
[-477, 496, 6475]
[-477, 496, 6475]
[-477, 496, 6475]
[-477, 496, 6475]
[-477, 496, 6475]
[-477, 496, 6475]
[-480, 533, 6455]
[-480, 533, 6455]
[-480, 533, 6455]
[-480, 533, 6455]
[-480, 533, 6455]
[-480, 533, 6455]
[-480, 533, 6455]
[-480, 533, 6455]
[-479, 510, 6507]
[-479, 510, 6507]
[-479, 510, 6507]
[-479, 510, 6507]
[-479, 510, 6507]
[-479, 510, 6507]
[-479, 510, 6507]
[-479, 510, 6507]
[-434, 522, 6490]
[-434, 522, 6490]
[-434, 522, 6490]
[-434, 522, 6490]
[-434, 522, 6490]
[-434, 522, 6490]
[-434, 522, 6490]
[-434, 522, 6490]
[-448, 493, 6514]
[-448, 493, 6514]
[-448, 493, 6514]
[-448, 493, 6514]
[-448, 493, 6514]
[-448, 493, 6514]
[-448, 493, 6514]
[-448, 493, 6514]
[-462, 540, 6467]
[-462, 540, 6467]
[-462, 540, 6467]
[-462, 540, 6467]
[-462, 540, 6467]
[-462, 540, 6467]
[-462, 540, 6467]
[-462, 540, 6467]
[-475, 494, 6504]
[-475, 494, 6504]
[-475, 494, 6504]
[-475, 494, 6504]
[-475, 494, 6504]
[-475, 494, 6504]
[-475, 494, 6504]
[-475, 494, 6504]
[-459, 505, 6524]
[-459, 505, 6524]
[-459, 505, 6524]
[-459, 505, 6524]
[-459, 505, 6524]
[-459, 505, 6524]
[-459, 505, 6524]
[-459, 505, 6524]
[-463, 511, 6517]
[-463, 511, 6517]
[-463, 511, 6517]
[-463, 511, 6517]
[-463, 511, 6517]
[-463, 511, 6517]
[-463, 511, 6517]
[-463, 511, 6517]
[-463, 511, 6517]
[-465, 492, 6565]
[-465, 492, 6565]
[-465, 492, 6565]
[-465, 492, 6565]
[-465, 492, 6565]
[-465, 492, 6565]
[-465, 492, 6565]
[-465, 492, 6565]
[-469, 500, 6556]
[-469, 500, 6556]
[-469, 500, 6556]
[-469, 500, 6556]
[-469, 500, 6556]
[-469, 500, 6556]
[-469, 500, 6556]
[-469, 500, 6556]
[-460, 464, 6557]
[-460, 464, 6557]
[-460, 464, 6557]
[-460, 464, 6557]
[-460, 464, 6557]
[-460, 464, 6557]
[-460, 464, 6557]
[-460, 464, 6557]
[-468, 513, 6529]
[-468, 513, 6529]
[-468, 513, 6529]
[-468, 513, 6529]
[-468, 513, 6529]
[-468, 513, 6529]
[-468, 513, 6529]
[-468, 513, 6529]
[-428, 521, 6540]
[-428, 521, 6540]
[-428, 521, 6540]
[-428, 521, 6540]
[-428, 521, 6540]
[-428, 521, 6540]
[-428, 521, 6540]
[-428, 521, 6540]
[-432, 487, 6500]
[-432, 487, 6500]
[-432, 487, 6500]
[-432, 487, 6500]
[-432, 487, 6500]
[-432, 487, 6500]
[-432, 487, 6500]
[-432, 487, 6500]
[-457, 491, 6531]
[-457, 491, 6531]
[-457, 491, 6531]
[-457, 491, 6531]
[-457, 491, 6531]
[-457, 491, 6531]
[-457, 491, 6531]
[-457, 491, 6531]
[-451, 529, 6507]
[-451, 529, 6507]
[-451, 529, 6507]
[-451, 529, 6507]
[-451, 529, 6507]
[-451, 529, 6507]
[-451, 529, 6507]
[-451, 529, 6507]
[-473, 512, 6494]
[-473, 512, 6494]
[-473, 512, 6494]
[-473, 512, 6494]
[-473, 512, 6494]
[-473, 512, 6494]
[-473, 512, 6494]
[-473, 512, 6494]
[-431, 527, 6480]
[-431, 527, 6480]
[-431, 527, 6480]
[-431, 527, 6480]
[-431, 527, 6480]
[-431, 527, 6480]
[-431, 527, 6480]
[-431, 527, 6480]
[-431, 527, 6480]
[-422, 476, 6495]
[-422, 476, 6495]
[-422, 476, 6495]
[-422, 476, 6495]
[-422, 476, 6495]
[-422, 476, 6495]
[-422, 476, 6495]
[-422, 476, 6495]
[-482, 486, 6470]
[-482, 486, 6470]
[-482, 486, 6470]
[-482, 486, 6470]
[-482, 486, 6470]
[-482, 486, 6470]
[-482, 486, 6470]
[-482, 486, 6470]
[-441, 456, 6548]
[-441, 456, 6548]
[-441, 456, 6548]
[-441, 456, 6548]
[-441, 456, 6548]
[-441, 456, 6548]
[-441, 456, 6548]
[-441, 456, 6548]
[-416, 463, 6475]
[-416, 463, 6475]
[-416, 463, 6475]
[-416, 463, 6475]
[-416, 463, 6475]
[-416, 463, 6475]
[-416, 463, 6475]
[-416, 463, 6475]
[-444, 494, 6516]
[-444, 494, 6516]
[-444, 494, 6516]
[-444, 494, 6516]
[-444, 494, 6516]
[-444, 494, 6516]
[-444, 494, 6516]
[-444, 494, 6516]
[-469, 485, 6497]
[-469, 485, 6497]
[-469, 485, 6497]
[-469, 485, 6497]
[-469, 485, 6497]
[-469, 485, 6497]
[-469, 485, 6497]
[-469, 485, 6497]
[-458, 512, 6459]
[-458, 512, 6459]
[-458, 512, 6459]
[-458, 512, 6459]
[-458, 512, 6459]
[-458, 512, 6459]
[-458, 512, 6459]
[-458, 512, 6459]
[-417, 506, 6505]
[-417, 506, 6505]
[-417, 506, 6505]
[-417, 506, 6505]
[-417, 506, 6505]
[-417, 506, 6505]
[-417, 506, 6505]
[-417, 506, 6505]
[-417, 506, 6505]
[-428, 520, 6552]
[-428, 520, 6552]
[-428, 520, 6552]
[-428, 520, 6552]
[-428, 520, 6552]
[-428, 520, 6552]
[-428, 520, 6552]
[-428, 520, 6552]
[-466, 483, 6525]
[-466, 483, 6525]
[-466, 483, 6525]
[-466, 483, 6525]
[-466, 483, 6525]
[-466, 483, 6525]
[-466, 483, 6525]
[-466, 483, 6525]
[-441, 494, 6500]
[-441, 494, 6500]
[-441, 494, 6500]
[-441, 494, 6500]
[-441, 494, 6500]
[-441, 494, 6500]
[-441, 494, 6500]
[-441, 494, 6500]
[-456, 524, 6529]
[-456, 524, 6529]
[-456, 524, 6529]
[-456, 524, 6529]
[-456, 524, 6529]
[-456, 524, 6529]
[-456, 524, 6529]
[-456, 524, 6529]
[-449, 478, 6522]
[-449, 478, 6522]
[-449, 478, 6522]
[-449, 478, 6522]
[-449, 478, 6522]
[-449, 478, 6522]
[-449, 478, 6522]
[-449, 478, 6522]
[-456, 493, 6480]
[-456, 493, 6480]
[-456, 493, 6480]
[-456, 493, 6480]
[-456, 493, 6480]
[-456, 493, 6480]
[-456, 493, 6480]
[-456, 493, 6480]
[-430, 506, 6503]
[-430, 506, 6503]
[-430, 506, 6503]
[-430, 506, 6503]
[-430, 506, 6503]
[-430, 506, 6503]
[-430, 506, 6503]
[-430, 506, 6503]
[-430, 506, 6503]
[-462, 500, 6515]
[-462, 500, 6515]
[-462, 500, 6515]
[-462, 500, 6515]
[-462, 500, 6515]
[-462, 500, 6515]
[-462, 500, 6515]
[-462, 500, 6515]
[-427, 506, 6470]
[-427, 506, 6470]
[-427, 506, 6470]
[-427, 506, 6470]
[-427, 506, 6470]
[-427, 506, 6470]
[-427, 506, 6470]
[-427, 506, 6470]
[-434, 514, 6472]
[-434, 514, 6472]
[-434, 514, 6472]
[-434, 514, 6472]
[-434, 514, 6472]
[-434, 514, 6472]
[-434, 514, 6472]
[-434, 514, 6472]
[-410, 526, 6485]
[-410, 526, 6485]
[-410, 526, 6485]
[-410, 526, 6485]
[-410, 526, 6485]
[-410, 526, 6485]
[-410, 526, 6485]
[-410, 526, 6485]
[-438, 511, 6509]
[-438, 511, 6509]
[-438, 511, 6509]
[-438, 511, 6509]
[-438, 511, 6509]
[-438, 511, 6509]
[-438, 511, 6509]
[-438, 511, 6509]
[-445, 525, 6505]
[-445, 525, 6505]
[-445, 525, 6505]
[-445, 525, 6505]
[-445, 525, 6505]
[-445, 525, 6505]
[-445, 525, 6505]
[-445, 525, 6505]
[-429, 495, 6495]
[-429, 495, 6495]
[-429, 495, 6495]
[-429, 495, 6495]
[-429, 495, 6495]
[-429, 495, 6495]
[-429, 495, 6495]
[-429, 495, 6495]
[-429, 495, 6495]
[-425, 505, 6510]
[-425, 505, 6510]
[-425, 505, 6510]
[-425, 505, 6510]
[-425, 505, 6510]
[-425, 505, 6510]
[-425, 505, 6510]
[-425, 505, 6510]
[-431, 518, 6463]
[-431, 518, 6463]
[-431, 518, 6463]
[-431, 518, 6463]
[-431, 518, 6463]
[-431, 518, 6463]
[-431, 518, 6463]
[-431, 518, 6463]
[-430, 472, 6510]
[-430, 472, 6510]
[-430, 472, 6510]
[-430, 472, 6510]
[-430, 472, 6510]
[-430, 472, 6510]
[-430, 472, 6510]
[-430, 472, 6510]
[-435, 480, 6475]
[-435, 480, 6475]
[-435, 480, 6475]
[-435, 480, 6475]
[-435, 480, 6475]
[-435, 480, 6475]
[-435, 480, 6475]
[-435, 480, 6475]
[-435, 480, 6475]
[-429, 504, 6510]
[-429, 504, 6510]
[-429, 504, 6510]
[-429, 504, 6510]
[-429, 504, 6510]
[-429, 504, 6510]
[-429, 504, 6510]
[-429, 504, 6510]
[-418, 487, 6477]
[-418, 487, 6477]
[-418, 487, 6477]
[-418, 487, 6477]
[-418, 487, 6477]
[-418, 487, 6477]
[-418, 487, 6477]
[-418, 487, 6477]
[-400, 471, 6465]
[-400, 471, 6465]
[-400, 471, 6465]
[-400, 471, 6465]
[-400, 471, 6465]
[-400, 471, 6465]
[-400, 471, 6465]
[-400, 471, 6465]
[-439, 522, 6494]
[-439, 522, 6494]
[-439, 522, 6494]
[-439, 522, 6494]
[-439, 522, 6494]
[-439, 522, 6494]
[-439, 522, 6494]
[-439, 522, 6494]
[-439, 522, 6494]
[-440, 501, 6484]
[-440, 501, 6484]
[-440, 501, 6484]
[-440, 501, 6484]
[-440, 501, 6484]
[-440, 501, 6484]
[-440, 501, 6484]
[-440, 501, 6484]
[-429, 520, 6509]
[-429, 520, 6509]
[-429, 520, 6509]
[-429, 520, 6509]
[-429, 520, 6509]
[-429, 520, 6509]
[-429, 520, 6509]
[-429, 520, 6509]
[-430, 475, 6467]
[-430, 475, 6467]
[-430, 475, 6467]
[-430, 475, 6467]
[-430, 475, 6467]
[-430, 475, 6467]
[-430, 475, 6467]
[-430, 475, 6467]
[-448, 512, 6512]
[-448, 512, 6512]
[-448, 512, 6512]
[-448, 512, 6512]
[-448, 512, 6512]
[-448, 512, 6512]
[-448, 512, 6512]
[-448, 512, 6512]
[-396, 494, 6468]
[-396, 494, 6468]
[-396, 494, 6468]
[-396, 494, 6468]
[-396, 494, 6468]
[-396, 494, 6468]
[-396, 494, 6468]
[-396, 494, 6468]
[-396, 494, 6468]
[-455, 487, 6490]
[-455, 487, 6490]
[-455, 487, 6490]
[-455, 487, 6490]
[-455, 487, 6490]
[-455, 487, 6490]
[-455, 487, 6490]
[-455, 487, 6490]
[-444, 501, 6498]
[-444, 501, 6498]
[-444, 501, 6498]
[-444, 501, 6498]
[-444, 501, 6498]
[-444, 501, 6498]
[-444, 501, 6498]
[-444, 501, 6498]
[-460, 484, 6514]
[-460, 484, 6514]
[-460, 484, 6514]
[-460, 484, 6514]
[-460, 484, 6514]
[-460, 484, 6514]
[-460, 484, 6514]
[-460, 484, 6514]
[-497, 488, 6498]
[-497, 488, 6498]
[-497, 488, 6498]
[-497, 488, 6498]
[-497, 488, 6498]
[-497, 488, 6498]
[-497, 488, 6498]
[-497, 488, 6498]
[-497, 488, 6498]
[-424, 527, 6527]
[-424, 527, 6527]
[-424, 527, 6527]
[-424, 527, 6527]
[-424, 527, 6527]
[-424, 527, 6527]
[-424, 527, 6527]
[-424, 527, 6527]
[-434, 489, 6494]
[-434, 489, 6494]
[-434, 489, 6494]
[-434, 489, 6494]
[-434, 489, 6494]
[-434, 489, 6494]
[-434, 489, 6494]
[-434, 489, 6494]
[-421, 496, 6510]
[-421, 496, 6510]
[-421, 496, 6510]
[-421, 496, 6510]
[-421, 496, 6510]
[-421, 496, 6510]
[-421, 496, 6510]
[-421, 496, 6510]
[-455, 499, 6501]
[-455, 499, 6501]
[-455, 499, 6501]
[-455, 499, 6501]
[-455, 499, 6501]
[-455, 499, 6501]
[-455, 499, 6501]
[-455, 499, 6501]
[-455, 499, 6501]
[-486, 495, 6498]
[-486, 495, 6498]
[-486, 495, 6498]
[-486, 495, 6498]
[-486, 495, 6498]
[-486, 495, 6498]
[-486, 495, 6498]
[-486, 495, 6498]
[-445, 509, 6501]
[-445, 509, 6501]
[-445, 509, 6501]
[-445, 509, 6501]
[-445, 509, 6501]
[-445, 509, 6501]
[-445, 509, 6501]
[-445, 509, 6501]
[-459, 503, 6494]
[-459, 503, 6494]
[-459, 503, 6494]
[-459, 503, 6494]
[-459, 503, 6494]
[-459, 503, 6494]
[-459, 503, 6494]
[-459, 503, 6494]
[-426, 497, 6523]
[-426, 497, 6523]
[-426, 497, 6523]
[-426, 497, 6523]
[-426, 497, 6523]
[-426, 497, 6523]
[-426, 497, 6523]
[-426, 497, 6523]
[-426, 497, 6523]
[-480, 505, 6497]
[-480, 505, 6497]
[-480, 505, 6497]
[-480, 505, 6497]
[-480, 505, 6497]
[-480, 505, 6497]
[-480, 505, 6497]
[-480, 505, 6497]
[-439, 489, 6487]
[-439, 489, 6487]
[-439, 489, 6487]
[-439, 489, 6487]
[-439, 489, 6487]
[-439, 489, 6487]
[-439, 489, 6487]
[-439, 489, 6487]
[-450, 497, 6508]
[-450, 497, 6508]
[-450, 497, 6508]
[-450, 497, 6508]
[-450, 497, 6508]
[-450, 497, 6508]
[-450, 497, 6508]
[-450, 497, 6508]
[-450, 497, 6508]
[-438, 517, 6485]
[-438, 517, 6485]
[-438, 517, 6485]
[-438, 517, 6485]
[-438, 517, 6485]
[-438, 517, 6485]
[-438, 517, 6485]
[-438, 517, 6485]
[-441, 488, 6540]
[-441, 488, 6540]
[-441, 488, 6540]
[-441, 488, 6540]
[-441, 488, 6540]
[-441, 488, 6540]
[-441, 488, 6540]
[-441, 488, 6540]
[-480, 536, 6517]
[-480, 536, 6517]
[-480, 536, 6517]
[-480, 536, 6517]
[-480, 536, 6517]
[-480, 536, 6517]
[-480, 536, 6517]
[-480, 536, 6517]
[-480, 536, 6517]
[-494, 487, 6519]
[-494, 487, 6519]
[-494, 487, 6519]
[-494, 487, 6519]
[-494, 487, 6519]
[-494, 487, 6519]
[-494, 487, 6519]
[-494, 487, 6519]
[-469, 502, 6538]
[-469, 502, 6538]
[-469, 502, 6538]
[-469, 502, 6538]
[-469, 502, 6538]
[-469, 502, 6538]
[-469, 502, 6538]
[-469, 502, 6538]
[-469, 502, 6538]
[-460, 471, 6560]
[-460, 471, 6560]
[-460, 471, 6560]
[-460, 471, 6560]
[-460, 471, 6560]
[-460, 471, 6560]
[-460, 471, 6560]
[-460, 471, 6560]
[-453, 505, 6528]
[-453, 505, 6528]
[-453, 505, 6528]
[-453, 505, 6528]
[-453, 505, 6528]
[-453, 505, 6528]
[-453, 505, 6528]
[-453, 505, 6528]
[-490, 493, 6522]
[-490, 493, 6522]
[-490, 493, 6522]
[-490, 493, 6522]
[-490, 493, 6522]
[-490, 493, 6522]
[-490, 493, 6522]
[-490, 493, 6522]
[-490, 493, 6522]
[-460, 481, 6512]
[-460, 481, 6512]
[-460, 481, 6512]
[-460, 481, 6512]
[-460, 481, 6512]
[-460, 481, 6512]
[-460, 481, 6512]
[-460, 481, 6512]
[-490, 473, 6486]
[-490, 473, 6486]
[-490, 473, 6486]
[-490, 473, 6486]
[-490, 473, 6486]
[-490, 473, 6486]
[-490, 473, 6486]
[-490, 473, 6486]
[-490, 519, 6521]
[-492, 519, 6521]
[-492, 519, 6521]
[-492, 519, 6521]
[-492, 519, 6521]
[-492, 519, 6521]
[-492, 519, 6521]
[-492, 519, 6521]
[-492, 519, 6521]
[-462, 507, 6571]
[-462, 507, 6571]
[-462, 507, 6571]
[-462, 507, 6571]
[-462, 507, 6571]
[-462, 507, 6571]
[-462, 507, 6571]
[-462, 507, 6571]
[-459, 497, 6579]
[-459, 497, 6579]
[-459, 497, 6579]
[-459, 497, 6579]
[-459, 497, 6579]
[-459, 497, 6579]
[-459, 497, 6579]
[-459, 497, 6579]
[-459, 497, 6579]
[-452, 492, 6517]
[-452, 492, 6517]
[-452, 492, 6517]
[-452, 492, 6517]
[-452, 492, 6517]
[-452, 492, 6517]
[-452, 492, 6517]
[-452, 492, 6517]
[-451, 505, 6522]
[-451, 505, 6522]
[-451, 505, 6522]
[-451, 505, 6522]
[-451, 505, 6522]
[-451, 505, 6522]
[-451, 505, 6522]
[-451, 505, 6522]
[-447, 544, 6526]
[-447, 544, 6526]
[-447, 544, 6526]
[-447, 544, 6526]
[-447, 544, 6526]
[-447, 544, 6526]
[-447, 544, 6526]
[-447, 544, 6526]
[-447, 544, 6526]
[-480, 520, 6530]
[-480, 520, 6530]
[-480, 520, 6530]
[-480, 520, 6530]
[-480, 520, 6530]
[-480, 520, 6530]
[-480, 520, 6530]
[-480, 520, 6530]
[-437, 502, 6531]
[-437, 502, 6531]
[-437, 502, 6531]
[-437, 502, 6531]
[-437, 502, 6531]
[-437, 502, 6531]
[-437, 502, 6531]
[-437, 502, 6531]
[-437, 502, 6531]
[-431, 525, 6493]
[-431, 525, 6493]
[-431, 525, 6493]
[-431, 525, 6493]
[-431, 525, 6493]
[-431, 525, 6493]
[-431, 525, 6493]
[-431, 525, 6493]
[-411, 527, 6514]
[-411, 527, 6514]
[-411, 527, 6514]
[-411, 527, 6514]
[-411, 527, 6514]
[-411, 527, 6514]
[-411, 527, 6514]
[-411, 527, 6514]
[-448, 541, 6521]
[-448, 541, 6521]
[-448, 541, 6521]
[-448, 541, 6521]
[-448, 541, 6521]
[-448, 541, 6521]
[-448, 541, 6521]
[-448, 541, 6521]
[-431, 534, 6570]
[-431, 534, 6570]
[-431, 534, 6570]
[-431, 534, 6570]
[-431, 534, 6570]
[-431, 534, 6570]
[-431, 534, 6570]
[-431, 534, 6570]
[-431, 534, 6570]
[-431, 522, 6531]
[-431, 522, 6531]
[-431, 522, 6531]
[-431, 522, 6531]
[-431, 522, 6531]
[-431, 522, 6531]
[-431, 522, 6531]
[-431, 522, 6531]
[-426, 501, 6490]
[-426, 501, 6490]
[-426, 501, 6490]
[-426, 501, 6490]
[-426, 501, 6490]
[-426, 501, 6490]
[-426, 501, 6490]
[-426, 501, 6490]
[-453, 506, 6471]
[-453, 506, 6471]
[-453, 506, 6471]
[-453, 506, 6471]
[-453, 506, 6471]
[-453, 506, 6471]
[-453, 506, 6471]
[-453, 506, 6471]
[-430, 515, 6511]
[-430, 515, 6511]
[-430, 515, 6511]
[-430, 515, 6511]
[-430, 515, 6511]
[-430, 515, 6511]
[-430, 515, 6511]
[-430, 515, 6511]
[-430, 515, 6511]
[-454, 461, 6528]
[-454, 461, 6528]
[-454, 461, 6528]
[-454, 461, 6528]
[-454, 461, 6528]
[-454, 461, 6528]
[-454, 461, 6528]
[-454, 461, 6528]
[-444, 471, 6488]
[-444, 471, 6488]
[-444, 471, 6488]
[-444, 471, 6488]
[-444, 471, 6488]
[-444, 471, 6488]
[-444, 471, 6488]
[-444, 471, 6488]
[-459, 538, 6537]
[-459, 538, 6537]
[-459, 538, 6537]
[-459, 538, 6537]
[-459, 538, 6537]
[-459, 538, 6537]
[-459, 538, 6537]
[-459, 538, 6537]
[-479, 509, 6570]
[-479, 509, 6570]
[-479, 509, 6570]
[-479, 509, 6570]
[-479, 509, 6570]
[-479, 509, 6570]
[-479, 509, 6570]
[-479, 509, 6570]
[-479, 509, 6570]
[-465, 504, 6503]
[-465, 504, 6503]
[-465, 504, 6503]
[-465, 504, 6503]
[-465, 504, 6503]
[-465, 504, 6503]
[-465, 504, 6503]
[-465, 504, 6503]
[-454, 479, 6493]
[-454, 479, 6493]
[-454, 479, 6493]
[-454, 479, 6493]
[-454, 479, 6493]
[-454, 479, 6493]
[-454, 479, 6493]
[-454, 479, 6493]
[-474, 534, 6550]
[-474, 534, 6550]
[-474, 534, 6550]
[-474, 534, 6550]
[-474, 534, 6550]
[-474, 534, 6550]
[-474, 534, 6550]
[-474, 534, 6550]
[-487, 513, 6490]
[-487, 513, 6490]
[-487, 513, 6490]
[-487, 513, 6490]
[-487, 513, 6490]
[-487, 513, 6490]
[-487, 513, 6490]
[-487, 513, 6490]
[-487, 513, 6490]
[-461, 499, 6494]
[-461, 499, 6494]
[-461, 499, 6494]
[-461, 499, 6494]
[-461, 499, 6494]
[-461, 499, 6494]
[-461, 499, 6494]
[-461, 499, 6494]
[-451, 549, 6490]
[-451, 549, 6490]
[-451, 549, 6490]
[-451, 549, 6490]
[-451, 549, 6490]
[-451, 549, 6490]
[-451, 549, 6490]
[-451, 549, 6490]
[-452, 538, 6483]
[-452, 538, 6483]
[-452, 538, 6483]
[-452, 538, 6483]
[-452, 538, 6483]
[-452, 538, 6483]
[-452, 538, 6483]
[-452, 538, 6483]
[-452, 538, 6483]
[-464, 530, 6506]
[-464, 530, 6506]
[-464, 530, 6506]
[-464, 530, 6506]
[-464, 530, 6506]
[-464, 530, 6506]
[-464, 530, 6506]
[-464, 530, 6506]
[-405, 522, 6513]
[-405, 522, 6513]
[-405, 522, 6513]
[-405, 522, 6513]
[-405, 522, 6513]
[-405, 522, 6513]
[-405, 522, 6513]
[-405, 522, 6513]
[-432, 527, 6547]
[-432, 527, 6547]
[-432, 527, 6547]
[-432, 527, 6547]
[-432, 527, 6547]
[-432, 527, 6547]
[-432, 527, 6547]
[-432, 527, 6547]
[-432, 517, 6492]
[-439, 517, 6492]
[-439, 517, 6492]
[-439, 517, 6492]
[-439, 517, 6492]
[-439, 517, 6492]
[-439, 517, 6492]
[-439, 517, 6492]
[-439, 517, 6492]
[-446, 509, 6489]
[-446, 509, 6489]
[-446, 509, 6489]
[-446, 509, 6489]
[-446, 509, 6489]
