-68 993 -1959
-156 1382 -2978
-217 1519 -3285
-198 1546 -3536
-252 1566 -3812
-256 1665 -3559
-166 1720 -3534
-205 1689 -3500
-276 1682 -3597
-211 1757 -3714
-205 1747 -3708
-236 1606 -3710
-213 1611 -3610
-213 1715 -3562
-240 1800 -3545
-232 1760 -3640
-232 1676 -3710
-239 1659 -3713
-230 1706 -3686
-233 1759 -3617
-264 1708 -3546
-36 1617 -3619
-291 1719 -3631
-267 1779 -3643
-259 1704 -3702
-210 1632 -3611
-261 1647 -3584
-240 1772 -3586
-212 1736 -3630
-250 1690 -3594
-260 1694 -3661
-227 1755 -3678
-225 1761 -3644
-255 1673 -3656
-182 1690 -3582
-216 1628 -3618
-198 1690 -3619
-234 1815 -3617
-223 1825 -3606
-259 1675 -3746
-247 1609 -3696
-34 1691 -3580
-204 1766 -3564
-194 1700 -3360
-216 1708 -3676
-244 1786 -3623
-256 1782 -3677
-238 1674 -3680
-247 1592 -3704
-236 1666 -3525
-238 1738 -3520
-255 1571 -3564
-30 1716 -3670
-290 1662 -3762
-270 1642 -3698
-274 1646 -3642
-235 1733 -3567
-246 1680 -3602
-281 1665 -3611
-73 1749 -3650
-251 1767 -3727
-230 1664 -3716
-284 1616 -3693
-9 1701 -3533
-219 1755 -3563
-229 1705 -3618
-276 1708 -3694
-256 1700 -3705
-243 1727 -3721
-247 1743 -3681
-253 1663 -3617
-254 1626 -3643
-236 1666 -3340
-258 2044 -3619
-502 1746 -3669
-290 1680 -3725
-283 1623 -3619
-309 1659 -3605
-3 1704 -3542
-208 1668 -3613
-252 1668 -3603
-259 1769 -3588
-253 1805 -3634
-260 1690 -3780
-292 1604 -3698
-17 1638 -3608
-209 1741 -3600
-187 2019 -3591
-249 1783 -3655
-240 1748 -3668
-260 1690 -3744
-6 1696 -3630
-224 1700 -3655
-241 1715 -3821
-232 1693 -3568
-255 1753 -3602
-205 1817 -3673
-204 1736 -3704
-209 1598 -3678
-205 1603 -3613
-211 1775 -3544
-214 1771 -3564
-246 1672 -3693
-226 1684 -3679
-243 1734 -3643
-284 1710 -3648
-253 1651 -3648
-280 1710 -3507
-285 1698 -3572
-271 1731 -3662
-290 1748 -3703
-321 1701 -3677
-34 1666 -3684
-247 1661 -3681
-285 1741 -3636
-305 1676 -3634
-250 1644 -3682
-274 1682 -3625
-300 1768 -3678
-43 1721 -3647
-227 1617 -3694
-276 1594 -3617
-293 1737 -3541
-243 1739 -3577
-229 1669 -3607
-275 1695 -3638
-244 1778 -3657
-270 1750 -3684
-272 1648 -3657
-274 1610 -3608
-265 1693 -3619
-216 1760 -3596
-208 1834 -3694
-448 1706 -3740
-336 1640 -3718
-281 1657 -3643
-260 1710 -3621
-234 1726 -3553
-268 1688 -3604
-257 1709 -3638
-272 1759 -3681
-247 1765 -3632
-272 1646 -3742
-224 1632 -3663
-237 1699 -3603
-227 1787 -3565
-253 1745 -3580
-225 1705 -3722
-209 1699 -3676
-274 1678 -3678
-236 1774 -3574
-196 1682 -3343
-230 1633 -3663
-240 1706 -3585
-244 1836 -3664
-192 1756 -3704
-248 1632 -3729
-271 1659 -3661
-243 1778 -3564
-259 1755 -3613
-231 1625 -3673
-227 1705 -3668
-237 1785 -3661
-206 1736 -3738
-483 1622 -3726
-243 1645 -3621
-212 1674 -3621
-441 1759 -3656
-297 1757 -3631
-253 1727 -3672
-485 1628 -3701
-310 1624 -3705
-291 1727 -3604
-253 1676 -3597
-342 1638 -3604
-302 1694 -3628
-297 1805 -3707
-14 1697 -3702
-298 1578 -3687
-258 1556 -3655
-279 1753 -3610
-268 1808 -3521
-300 1694 -3333
-277 1687 -3655
-64 1718 -3680
-263 1751 -3650
-268 1672 -3590
-236 1672 -3544
-210 1694 -3582
-283 1785 -3653
-248 1796 -3685
-255 1717 -3716
-169 1629 -3661
-213 1635 -3625
-200 1748 -3526
-193 1711 -3582
-180 1684 -3579
-206 1668 -3656
-166 1773 -3699
-184 1710 -3642
-183 1711 -3581
-180 1668 -3602
-173 1700 -3648
-179 1713 -3563
-199 1803 -3611
-178 1746 -3661
-245 1658 -3723
-258 1724 -3620
-220 1710 -3383
-202 1686 -3545
-196 1582 -3609
-248 1722 -3827
-221 1854 -3606
-232 1742 -3695
-225 1591 -3742
-215 1636 -3617
-204 1708 -3620
-157 1719 -3619
-203 1722 -3583
-249 1719 -3635
-230 1710 -3712
-490 1689 -3717
-267 1657 -3636
-228 1644 -3542
-454 1689 -3476
-269 1743 -3531
-288 1802 -3712
-506 1717 -3702
-352 1606 -3730
-277 1629 -3588
-14 1794 -3563
-212 1730 -3517
-248 1650 -3625
-223 1737 -3645
-278 1784 -3744
-291 1765 -3695
-273 1621 -3639
-238 1640 -3540
-205 1711 -3548
-244 1754 -3606
-264 1707 -3616
-229 1693 -3702
-211 1695 -3691
-256 1716 -3705
-442 1769 -3632
-228 1670 -3624
-181 1675 -3661
-222 1745 -3699
-299 1843 -3706
-257 1767 -3681
-222 1674 -3705
-288 1654 -3651
-305 1723 -3592
-242 1992 -3570
-505 1721 -3591
-296 1726 -3606
-270 1738 -3681
-241 1736 -3717
-319 1691 -3642
-307 1667 -3587
-268 1658 -3489
-275 1783 -3628
-278 1816 -3630
-295 1773 -3761
-276 1616 -3709
-260 1624 -3703
-263 1715 -3840
-267 1755 -3579
-219 1667 -3586
-242 1716 -3608
-281 1755 -3712
-247 1756 -3689
-217 1583 -3665
-210 1616 -3599
-211 1737 -3531
-223 1767 -3570
-213 1745 -3611
-242 1694 -3662
-238 1652 -3708
-221 1643 -3700
-209 1745 -3627
-204 1680 -3545
-267 1625 -3613
-246 1672 -3577
-269 1808 -3671
-274 1720 -3680
-286 1648 -3647
-246 1611 -3600
-221 1755 -3619
-263 1785 -3602
-11 1654 -3618
-236 1676 -3653
-199 2011 -3637
-206 1734 -3674
-247 1631 -3652
-204 1612 -3632
-241 1731 -3629
-229 1787 -3632
-261 1790 -3671
-259 1747 -3663
-253 1645 -3705
-198 1699 -3676
-294 1740 -3408
-69 1709 -3621
-305 1713 -3610
-330 1774 -3632
-49 1787 -3702
-273 1739 -3729
-320 1644 -3745
-31 1689 -3636
-260 1778 -3597
-272 1828 -3582
-301 1748 -3706
-236 1686 -3736
-242 1668 -3665
-292 1700 -3688
-13 1727 -3601
-192 1650 -3594
-195 1659 -3594
-2 1750 -3549
-290 1808 -3642
-274 1716 -3676
-48 1606 -3675
-240 1696 -3560
-242 1752 -3503
-228 1698 -3583
-218 1654 -3645
-222 1718 -3718
-191 1790 -3692
-213 1689 -3693
-168 1642 -3696
-199 1621 -3660
-275 1727 -3628
-214 1728 -3607
-196 1761 -3680
-306 1662 -3698
-307 1689 -3658
-271 1714 -3624
-296 1732 -3362
-272 1641 -3615
-277 1633 -3576
-212 1784 -3664
-232 1590 -3725
-181 1599 -3703
-201 1571 -3613
-273 1757 -3562
-208 1750 -3595
-238 1728 -3630
-238 1700 -3671
-268 1726 -3689
-314 1677 -3707
-232 1666 -3620
-211 1713 -3577
-231 1749 -3802
-478 1848 -3629
-236 1744 -3724
-463 1676 -3713
-271 1613 -3676
-43 1739 -3586
-295 1817 -3572
-265 1721 -3631
-278 1654 -3654
-243 1739 -3700
-209 1759 -3685
-198 1624 -3680
-208 1666 -3607
-287 1757 -3605
-259 1761 -3616
-284 1708 -3698
-230 1676 -3721
-244 1682 -3691
-280 1758 -3635
-230 1718 -3603
-244 1660 -3594
-256 1716 -3621
-211 1747 -3668
-237 1759 -3669
-272 1668 -3716
-273 1629 -3594
-265 1695 -3558
-225 1731 -3600
-199 1731 -3648
-243 1679 -3692
-269 1727 -3728
-320 1720 -3698
-225 1651 -3602
-254 1592 -3569
-182 1736 -3587
-406 1851 -3595
-222 1722 -3705
-289 1611 -3727
-271 1635 -3662
-274 1734 -3600
-302 1708 -3567
-224 1666 -3541
-231 1761 -3612
-207 1817 -3678
-223 1673 -3725
-204 1580 -3668
-201 1729 -3564
-242 1744 -3528
-282 1715 -3588
-285 1737 -3701
-255 1729 -3686
-248 1692 -3677
-240 1719 -3581
-172 1692 -3522
-444 1675 -3607
-274 1734 -3602
-341 1817 -3696
-280 1756 -3729
-326 1630 -3726
-304 1646 -3603
-241 1767 -3647
-296 1760 -3609
-204 1674 -3660
-228 1734 -3629
-182 1798 -3650
-185 1673 -3689
-169 1585 -3701
-399 1674 -3628
-262 1774 -3803
-266 1767 -3615
-242 1694 -3637
-229 1667 -3675
-281 1643 -3744
-19 1739 -3659
-212 1667 -3618
-236 1642 -3349
-264 1744 -3636
-263 1793 -3707
-202 1636 -3662
-221 1519 -3625
-215 1727 -3578
-140 1980 -3576
-273 1697 -3614
-235 1667 -3703
-313 1695 -3696
-347 1689 -3713
-296 1674 -3631
-305 1648 -3574
-264 1690 -3578
-285 1803 -3620
-174 1760 -3712
-223 1611 -3782
-206 1618 -3662
-236 1722 -3540
-256 1784 -3593
-290 1688 -3641
-276 1680 -3614
-238 1772 -3725
-209 1745 -3729
-229 1645 -3624
-275 1633 -3615
-259 1741 -3615
-5 1744 -3617
-281 1753 -3643
-229 1709 -3663
-201 1683 -3656
-227 1703 -3634
-284 1708 -3629
-296 1648 -3657
-224 1736 -3594
-185 1859 -3611
-266 1656 -3789
-269 1589 -3654
-224 1734 -3552
-188 1750 -3561
-217 1705 -3594
-298 1680 -3706
-5 1741 -3732
-214 1614 -3647
-165 1641 -3528
-271 1791 -3551
-216 1738 -3673
-199 1667 -3715
-252 1600 -3666
-276 1700 -3545
-194 1710 -3550
-236 1670 -3663
-292 1744 -3727
-243 1733 -3746
-192 1590 -3631
-20 1678 -3609
-218 1740 -3674
-275 1699 -3709
-235 1633 -3744
-297 1727 -3715
-284 1730 -3669
-205 1625 -3622
-480 1708 -3590
-288 1818 -3642
-255 1696 -3714
-305 1621 -3729
-480 1772 -3622
-224 1750 -3576
-219 1721 -3583
-216 1764 -3828
-266 1726 -3724
-264 1642 -3627
-232 1718 -3583
-220 1714 -3571
-256 1796 -3596
-237 1753 -3720
-238 1608 -3679
-257 1691 -3631
-238 1762 -3592
-225 1655 -3350
-246 1694 -3691
-271 1793 -3679
-275 1580 -3728
-260 1621 -3586
-205 1775 -3540
-214 1741 -3668
-258 1669 -3680
-238 1670 -3719
-6 1680 -3649
-224 1690 -3554
-252 1644 -3588
-269 1709 -3586
-256 1760 -3710
-254 1662 -3721
-252 1644 -3576
-210 1740 -3555
-205 1721 -3562
-252 1650 -3675
-310 1734 -3726
-100 1785 -3633
-236 1631 -3648
-421 1613 -3617
-461 1737 -3594
-32 1790 -3615
-252 1722 -3667
-234 1619 -3660
-236 1682 -3623
-259 1733 -3581
-296 1646 -3559
-175 1733 -3587
-228 1794 -3661
-296 1714 -3663
-241 1611 -3635
-224 1682 -3580
-231 1809 -3576
-294 1753 -3650
-213 1683 -3708
-306 1702 -3711
-274 1694 -3653
-215 1698 -3577
-218 1681 -3629
-488 1845 -3685
-262 1787 -3706
-233 1583 -3677
-203 1675 -3585
-231 1789 -3593
-274 1712 -3616
-206 1674 -3677
-222 1788 -3714
-461 1725 -3678
-267 1605 -3605
-166 1642 -3630
-201 1743 -3665
-249 1685 -3663
-152 1654 -3637
-273 1675 -3708
-301 1698 -3618
-276 1694 -3576
-221 1669 -3579
-334 1800 -3609
-268 1720 -3706
-228 1540 -3619
-280 1706 -3573
-285 1793 -3611
-262 1734 -3627
-214 1696 -3715
-215 1714 -3665
-53 1651 -3656
-202 1702 -3601
-276 1796 -3537
-233 1767 -3715
-242 1675 -3725
-251 1639 -3696
-256 1734 -3569
-219 1733 -3780
-258 1690 -3645
-290 1752 -3694
-191 1735 -3704
-215 1689 -3691
-246 1692 -3609
-297 1741 -3654
-283 1799 -3646
-234 1760 -3677
-254 1684 -3635
-219 1679 -3562
-254 1722 -3593
-230 1652 -3654
-225 1665 -3632
-234 1802 -3626
-230 1746 -3675
-300 1614 -3646
-221 1721 -3554
-185 1775 -3559
-251 1651 -3632
-255 1695 -3653
-262 1718 -3690
-214 1672 -3726
-249 1631 -3638
-470 1691 -3564
-222 1766 -3813
-241 1753 -3670
-476 1627 -3692
-272 1646 -3669
-188 1722 -3588
-247 1709 -3548
-273 1639 -3609
-222 1756 -3663
-285 1737 -3708
-246 1596 -3666
-204 1676 -3540
-204 1782 -3528
-234 1750 -3628
-282 1692 -3708
-264 1700 -3687
-246 1708 -3634
-241 1691 -3583
-264 1658 -3648
-279 1771 -3648
-224 1754 -3750
-262 1656 -3700
-267 1707 -3628
-230 1744 -3590
-211 1695 -3598
-234 1723 -3650
-2 1743 -3665
-262 1708 -3662
-210 1708 -3605
-249 1645 -3347
-245 1753 -3562
-252 1803 -3673
-230 1630 -3754
-251 1633 -3652
-249 1771 -3559
-255 1715 -3581
-231 1679 -3621
-11 1775 -3668
-244 1646 -3688
-225 1593 -3657
-242 1724 -3551
-261 1761 -3596
-204 1694 -3695
-247 1649 -3680
-271 1621 -3602
-204 1739 -3567
-251 1661 -3624
-284 1672 -3658
-195 1779 -3664
-227 1681 -3639
-257 1606 -3576
-239 1724 -3560
-233 1735 -3654
-278 1670 -3651
-210 1710 -3689
-209 1755 -3629
-279 1659 -3647
-231 1609 -3353
-235 1725 -3633
-505 1752 -3677
-203 1673 -3672
-250 1694 -3625
-286 1736 -3625
-228 1707 -3600
-254 1746 -3593
-252 1804 -3659
-287 1707 -3711
-248 1630 -3636
-281 1683 -3611
-252 1772 -3597
-203 1557 -3647
-185 1684 -3772
-310 1690 -3655
-211 1711 -3580
-226 1710 -3583
-258 1706 -3800
-258 2038 -3665
-206 1702 -3695
-259 1591 -3654
-290 1712 -3526
-192 1741 -3573
-187 1674 -3681
-263 1701 -3672
-202 1708 -3700
-21 1668 -3672
-438 1666 -3586
-495 1675 -3614
-44 1753 -3629
-248 1741 -3687
-168 1656 -3684
-263 1647 -3657
-22 1717 -3607
-229 1679 -3588
-244 1621 -3620
-212 1752 -3662
-275 1767 -3650
-253 1601 -3677
-207 1637 -3597
-235 1775 -3585
-236 1744 -3632
-226 1700 -3684
-249 1755 -3743
-282 1706 -3724
-239 1655 -3609
-248 1690 -3624
-259 1771 -3557
-220 1786 -3671
-262 1674 -3741
-317 1661 -3702
-54 1655 -3649
-147 1759 -3568
-226 1738 -3588
-456 1694 -3688
-247 1723 -3704
-282 1716 -3668
-255 1675 -3636
-228 1652 -3578
-211 1733 -3602
-287 1794 -3669
-278 1784 -3700
-230 1664 -3735
-220 1634 -3660
-229 1779 -3581
-194 1763 -3579
-246 1642 -3618
-299 1695 -3639
-25 1786 -3694
-218 1722 -3671
-216 1572 -3608
-223 1652 -3609
-236 1780 -3820
-493 1696 -3657
-307 1693 -3717
-259 1725 -3664
-269 1735 -3630
-258 1670 -3641
-245 1661 -3565
-188 1628 -3608
-212 1714 -3634
-189 1799 -3677
-296 1714 -3669
-321 1607 -3707
-278 1632 -3614
-18 1784 -3627
-256 1702 -3655
-237 1671 -3625
-248 1744 -3660
-181 1751 -3654
-195 1612 -3682
-244 1606 -3715
-212 1729 -3621
-263 1793 -3329
-268 1748 -3698
-246 1706 -3715
-227 1641 -3710
-268 1698 -3637
-225 1733 -3573
-217 1769 -3543
-244 1698 -3620
-218 1750 -3590
-244 1768 -3777
-245 1687 -3735
-249 1619 -3672
-240 1688 -3590
-235 1729 -3552
-252 1780 -3549
-248 1718 -3702
-196 1696 -3662
-242 1706 -3641
-218 1754 -3588
-265 1665 -3595
-262 1634 -3561
-276 1742 -3651
-228 1810 -3661
-239 1701 -3652
-259 1621 -3690
-211 1679 -3629
-176 1766 -3602
-281 1703 -3622
-498 1687 -3670
-273 1755 -3658
-7 1764 -3732
-285 1639 -3752
-51 1657 -3642
-250 1678 -3594
-171 1767 -3570
-191 1761 -3615
-197 1681 -3691
-155 1641 -3769
-257 1697 -3689
-299 1731 -3639
-298 1694 -3600
-270 1732 -3576
-289 1969 -3652
-237 1791 -3721
-232 1648 -3715
-148 1610 -3663
-201 1767 -3525
-237 1537 -3571
-278 1678 -3634
-21 1722 -3599
-259 1743 -3676
-248 1724 -3655
-213 1681 -3577
-273 1683 -3628
-271 1727 -3637
-244 1750 -3676
-194 1724 -3708
-230 1710 -3671
-220 1692 -3570
-217 1765 -3559
-246 1744 -3565
-209 1693 -3644
-253 1707 -3674
-479 1799 -3663
-245 1773 -3672
-267 1623 -3660
-288 1663 -3627
-243 1823 -3827
-241 1766 -3599
-248 1726 -3642
-228 1714 -3692
-485 1717 -3676
-257 1701 -3624
-196 1632 -3666
-211 1667 -3643
-260 1794 -3547
-286 1714 -3705
-249 1613 -3715
-242 1603 -3639
-203 1699 -3619
-233 1724 -3620
-238 1682 -3833
-491 1689 -3669
-310 1780 -3728
-289 1723 -3719
-286 1654 -3651
-211 1645 -3588
-254 1728 -3596
-176 1756 -3601
-208 1707 -3642
-260 1668 -3692
-277 1647 -3669
-281 1765 -3562
-274 1714 -3529
-266 1602 -3608
-266 1712 -3587
-259 1795 -3649
-231 1705 -3702
-266 1626 -3699
-274 1648 -3577
-9 1737 -3578
-278 1750 -3585
-233 1679 -3624
-242 1706 -3639
-228 1742 -3659
-214 1680 -3715
-194 1648 -3604
-192 1678 -3610
-229 1729 -3581
-224 1793 -3637
-295 1801 -3677
-280 1655 -3725
-270 1626 -3687
-234 1761 -3593
-195 1753 -3591
-211 1721 -3632
-237 1743 -3699
-268 1794 -3699
-272 1720 -3673
-280 1622 -3643
-220 1630 -3555
-216 1772 -3546
-252 1806 -3654
-240 1696 -3682
-239 1640 -3682
-275 1659 -3694
-234 1768 -3618
-253 1693 -3619
-288 1641 -3637
-256 1690 -3626
-30 1731 -3663
-239 1673 -3674
-191 1587 -3595
-508 1745 -3608
-210 1732 -3606
-283 1629 -3683
-274 1737 -3697
-210 1684 -3639
-257 1631 -3592
-220 1636 -3830
-261 1801 -3679
-228 1744 -3686
-271 1609 -3644
-262 1760 -3621
-240 1642 -3642
-263 1797 -3637
-279 1643 -3688
-256 1662 -3615
-214 1771 -3571
-216 1822 -3603
-246 1718 -3686
-229 1683 -3676
-228 1726 -3640
-232 1704 -3523
-245 1709 -3535
-264 2042 -3720
-261 1683 -3732
-226 1592 -3583
-244 1741 -3543
-234 1758 -3352
-239 1704 -3644
-295 1707 -3716
-233 1727 -3663
-268 1676 -3572
-267 1683 -3634
-195 1763 -3675
-238 1630 -3719
-253 1677 -3834
-251 1719 -3549
-255 1695 -3655
-219 1995 -3638
-302 1666 -3721
-200 1615 -3554
-273 1758 -3576
-272 1728 -3613
-198 1661 -3747
-309 1705 -3629
-206 1680 -3633
-246 1656 -3393
-214 1806 -3641
-223 1727 -3800
-306 1562 -3784
-218 1714 -3597
-206 1760 -3585
-265 1679 -3638
-22 1736 -3696
-266 1742 -3694
-246 1658 -3612
-232 1703 -3515
-251 1755 -3573
-227 1781 -3701
-227 1721 -3656
-276 1648 -3665
-204 1752 -3494
-277 1681 -3641
-213 1699 -3730
-253 1817 -3653
-210 1648 -3635
-199 1603 -3548
-279 1783 -3526
-225 1741 -3642
-478 1687 -3670
-242 1718 -3641
-271 1703 -3589
-165 1601 -3600
-274 1804 -3637
-242 1720 -3740
-264 1580 -3694
-294 1656 -3411
-190 1740 -3606
-172 1702 -3588
-289 1679 -3675
-280 1708 -3746
-304 1729 -3720
-256 1622 -3655
-176 1616 -3579
-243 1747 -3570
-222 1832 -3683
-241 1717 -3748
-292 1586 -3755
-252 1680 -3656
-214 1786 -3560
-278 1692 -3599
-301 1745 -3711
-240 1794 -3710
-269 1671 -3706
-254 1592 -3676
-225 1708 -3548
-213 1723 -3386
-458 1736 -3654
-229 1723 -3670
-227 1699 -3689
-240 1714 -3612
-284 1732 -3617
-309 1705 -3529
-308 1674 -3592
-292 1759 -3545
-175 1777 -3642
-195 1736 -3612
-152 1628 -3632
-245 1625 -3647
-193 1781 -3600
-158 1710 -3636
-251 1715 -3572
-252 1766 -3649
-328 1698 -3717
-265 1637 -3616
-236 1628 -3558
-230 1762 -3588
-255 1814 -3619
-237 1691 -3715
-34 1620 -3718
-262 1710 -3671
-232 1721 -3602
-198 1702 -3547
-212 1698 -3579
-450 1738 -3688
-274 1774 -3690
-300 1622 -3687
-274 1598 -3594
-242 1706 -3505
-231 1761 -3536
-249 1715 -3606
-499 1662 -3688
-213 1675 -3674
-226 1714 -3649
-234 1692 -3783
-294 1674 -3573
-318 1692 -3618
-293 1803 -3594
-29 1725 -3699
-203 1649 -3734
-215 1722 -3585
-266 1758 -3641
-283 1703 -3618
-275 1647 -3609
-234 1752 -3648
-238 2040 -3642
-218 1662 -3628
-253 1637 -3647
-211 1671 -3573
-266 1730 -3584
-231 1773 -3630
-247 1781 -3639
-219 1695 -3720
-278 1676 -3655
-211 1733 -3670
-243 1679 -3656
-215 1665 -3586
-182 1764 -3587
-199 1815 -3741
-259 1645 -3719
-223 1608 -3630
-271 1735 -3418
-482 1802 -3556
-265 1721 -3596
-204 1646 -3695
-219 1743 -3701
-237 1701 -3717
-224 1640 -3631
-241 1653 -3572
-278 1730 -3521
-301 1771 -3624
-262 1706 -3645
-255 1627 -3692
-217 1651 -3704
-252 1744 -3593
-243 1721 -3618
-240 1652 -3658
-246 1711 -3703
-276 1792 -3693
-65 1708 -3682
-227 1615 -3633
-211 1627 -3587
-217 1715 -3543
-246 1746 -3598
-188 1720 -3689
-208 1674 -3689
-223 1709 -3714
-310 1738 -3693
-244 1654 -3588
-197 1627 -3571
-232 1790 -3596
-194 1824 -3660
-242 1652 -3713
-266 1602 -3643
-47 1714 -3578
-187 1747 -3640
-201 1707 -3818
-210 1732 -3608
-244 1742 -3731
-285 1691 -3652
-75 1664 -3660
-235 1683 -3621
-188 1728 -3796
-243 1791 -3680
-496 1749 -3719
-311 1661 -3709
-236 1686 -3613
-172 1792 -3541
-205 1711 -3598
-488 1654 -3698
-306 1756 -3686
-265 1728 -3726
-240 1640 -3643
-165 1655 -3526
-280 1710 -3552
-295 1746 -3642
-218 1674 -3722
-204 1710 -3684
-252 1724 -3582
-259 1673 -3599
-228 1630 -3598
-225 1685 -3643
-237 1754 -3700
-283 1753 -3672
-268 1606 -3640
-17 1631 -3578
-215 1737 -3570
-210 1748 -3573
-269 1705 -3654
-251 1723 -3700
-40 1724 -3752
-254 1679 -3658
-176 1586 -3595
-190 1670 -3580
-175 1838 -3588
-282 1764 -3676
-291 1652 -3725
-308 1650 -3664
-53 1694 -3564
-262 1752 -3560
-205 1661 -3531
-196 1696 -3609
-477 1772 -3655
-304 1681 -3693
-315 1675 -3677
-223 1685 -3583
-259 1813 -3622
-284 1760 -3682
-241 1685 -3664
-223 1728 -3688
-183 1749 -3621
-284 1644 -3613
-224 1678 -3634
-223 1697 -3641
-240 1753 -3660
-263 1771 -3598
-248 1677 -3652
-283 1637 -3641
-293 1777 -3616
-206 1720 -3636
-202 1656 -3648
-203 1715 -3621
-245 1803 -3599
-235 1743 -3628
-318 1618 -3704
-305 1669 -3635
-284 1742 -3587
-164 1700 -3649
-191 1669 -3577
-167 1693 -3516
-231 1695 -3607
-255 1667 -3640
-333 1645 -3647
-271 1682 -3641
-283 1707 -3606
-237 1791 -3643
-266 1708 -3668
-79 1587 -3624
-318 1654 -3623
-187 1791 -3619
-233 1721 -3562
-220 1662 -3584
-182 1702 -3577
-203 1807 -3592
-456 1633 -3672
-273 1553 -3677
-1 1722 -3581
-233 1761 -3784
-504 1718 -3623
-274 1690 -3656
-252 1712 -3660
-290 1714 -3670
-329 1751 -3687
-50 1698 -3606
-245 1657 -3355
-38 1748 -3577
-130 1762 -3655
-159 1687 -3661
-172 1664 -3656
-295 1705 -3609
-262 1784 -3593
-378 1738 -3615
-309 1689 -3668
-221 1717 -3673
-244 1780 -3733
-262 1706 -3665
-265 1659 -3660
-226 1690 -3344
-249 1825 -3564
-257 1801 -3631
-225 1701 -3749
-259 1638 -3758
-202 1720 -3630
-228 1691 -3617
-176 1658 -3568
-145 1738 -3574
-229 1767 -3701
-338 1752 -3791
-318 1613 -3701
-268 1628 -3400
-38 1709 -3550
-231 1765 -3526
-148 1702 -3661
-195 1655 -3722
-260 1692 -3722
-448 1703 -3641
-221 1725 -3542
-446 1620 -3542
-302 1678 -3631
-244 1814 -3701
-286 1756 -3746
-264 1546 -3724
-278 1640 -3577
-170 1768 -3547
-209 1679 -3587
-265 1673 -3636
-264 1718 -3640
-207 1761 -3649
-262 1684 -3660
-469 1645 -3600
-236 1638 -3360
-242 1756 -3617
-236 1744 -3659
-242 1724 -3656
-288 1728 -3637
-235 1665 -3695
-254 1710 -3618
-226 1720 -3589
-225 1705 -3621
-252 1742 -3614
-218 1794 -3638
-249 1769 -3820
-236 1644 -3739
-291 1635 -3634
-40 1731 -3572
-191 1759 -3817
-234 1713 -3564
-172 1670 -3673
-235 1707 -3659
-174 1678 -3641
-318 1694 -3617
-277 1663 -3575
-332 1736 -3598
-221 1779 -3764
-268 1730 -3741
-214 1626 -3723
-228 1654 -3613
-169 1777 -3522
-203 1686 -3542
-268 1674 -3658
-236 1725 -3634
-203 1693 -3691
-445 1704 -3649
-223 1669 -3331
-279 1691 -3629
-297 1691 -3679
-301 1755 -3647
-267 1718 -3692
-259 1625 -3681
-185 1673 -3561
-236 1750 -3549
-188 1708 -3584
-217 1637 -3624
-252 1732 -3649
-217 1840 -3600
-262 1716 -3682
-472 1626 -3710
-259 1657 -3594
-274 1800 -3627
-280 1766 -3663
-198 1688 -3601
-2 1716 -3649
-236 1708 -3736
-244 1720 -3618
-227 1673 -3606
-285 1695 -3633
-6 1804 -3572
-237 1780 -3614
-266 1696 -3657
-240 1624 -3676
-159 1675 -3605
-229 1737 -3564
-482 1735 -3595
-279 1695 -3632
-242 1738 -3725
-315 1741 -3761
-275 1697 -3651
-261 1691 -3558
-232 1698 -3517
-23 1782 -3552
-206 1742 -3682
-180 1618 -3770
-196 1604 -3690
-226 1690 -3826
-246 1686 -3634
-267 1645 -3644
-256 1690 -3606
-34 1757 -3685
-240 1732 -3730
-241 1639 -3623
-192 1572 -3573
-216 1706 -3607
-204 1734 -3618
-267 1707 -3715
-265 1662 -3726
-324 1706 -3663
-249 1721 -3641
-239 1669 -3550
-242 1650 -3799
-204 1738 -3552
-191 1839 -3618
-293 1705 -3713
-276 1563 -3693
-250 1626 -3351
-221 1793 -3553
-234 1724 -3622
-212 1672 -3654
-222 1740 -3804
-239 1759 -3680
-508 1628 -3716
-281 1661 -3628
-243 1749 -3543
-241 1777 -3547
-273 1775 -3668
-176 1698 -3683
-276 1646 -3700
-349 1745 -3576
-64 1751 -3561
-268 1706 -3637
-240 1722 -3640
-202 1764 -3648
-199 1727 -3648
-241 1629 -3619
-440 1681 -3550
-238 1696 -3576
-283 1765 -3612
-262 1732 -3698
-246 1670 -3696
-55 1694 -3653
-277 1765 -3606
-15 1654 -3608
-262 1642 -3814
-210 1772 -3599
-160 1768 -3649
-228 1680 -3679
-236 1602 -3737
-253 1665 -3612
-257 1707 -3617
-304 1734 -3634
-60 1718 -3602
-239 1729 -3677
-231 1723 -3682
-223 1661 -3641
-213 1637 -3598
-163 1643 -3550
-220 1772 -3556
-246 1810 -3683
-282 1680 -3718
-313 1576 -3673
-242 1662 -3631
-235 1759 -3518
-269 1745 -3583
-34 1678 -3630
-169 1731 -3721
-268 1810 -3684
-214 1632 -3748
-243 1617 -3630
-249 1799 -3614
-265 1747 -3668
-291 1727 -3703
-308 1688 -3710
-180 1668 -3663
-227 1709 -3646
-221 1701 -3586
-231 1671 -3626
-248 1680 -3571
-272 1536 -3672
-230 1758 -3631
-255 1666 -3615
-245 1617 -3630
-460 1730 -3632
-273 1741 -3347
-264 1736 -3670
-264 1716 -3681
-215 1719 -3688
-303 1743 -3702
-226 1684 -3643
-225 1663 -3596
-207 1695 -3617
-170 2008 -3605
-203 1769 -3689
-208 1623 -3792
-259 1603 -3635
-499 1728 -3564
-273 1739 -3600
-268 1692 -3639
-266 1720 -3616
-255 1739 -3811
-310 1734 -3762
-244 1620 -3700
-236 1670 -3554
-228 1750 -3564
-222 1776 -3585
-143 1701 -3685
-161 1641 -3736
-207 1667 -3726
-289 1683 -3366
-284 1692 -3544
-208 1632 -3627
-249 1721 -3626
-176 1806 -3678
-213 1713 -3717
-229 1587 -3644
-440 1738 -3512
-259 1797 -3832
-340 1694 -3650
-316 1686 -3651
-216 1774 -3697
-214 1754 -3604
-227 1691 -3601
-213 1633 -3612
-203 1699 -3583
-260 1763 -3634
-263 1803 -3693
-275 1751 -3619
-219 1681 -3582
-216 1690 -3620
-281 1727 -3638
-280 1704 -3645
-198 1738 -3583
-177 1801 -3607
-178 1704 -3721
-463 1607 -3673
-265 1691 -3663
-246 1730 -3554
-258 1778 -3585
-288 1752 -3619
-11 1658 -3676
-244 1696 -3616
-254 1706 -3677
-212 1668 -3609
-220 1646 -3817
-231 1763 -3616
-223 1769 -3738
-255 1607 -3723
-216 1584 -3652
-294 1716 -3625
-257 1768 -3639
-278 1672 -3685
-290 1693 -3642
-255 1721 -3733
-40 1682 -3677
-183 1673 -3645
-180 1624 -3561
-164 1654 -3340
-441 1731 -3592
-238 1774 -3634
-262 1652 -3726
-282 1656 -3692
-304 1724 -3575
-274 1740 -3609
-242 1648 -3602
-240 1693 -3633
-265 1791 -3689
-254 1768 -3709
-235 1609 -3754
-191 1593 -3625
-183 1793 -3612
-217 1755 -3674
-255 1739 -3651
-278 1736 -3647
-332 1752 -3793
-322 1715 -3648
-284 1672 -3658
-271 1687 -3584
-163 1731 -3390
-226 1775 -3673
-189 1765 -3709
-265 1667 -3684
-278 1649 -3611
-249 1743 -3520
-222 1760 -3472
-243 1661 -3613
-222 1680 -3697
-173 1753 -3745
-296 1718 -3721
-271 1645 -3704
-321 1683 -3519
-317 1741 -3577
-272 1764 -3672
-49 1704 -3670
-165 1615 -3667
-184 1698 -3650
-205 1717 -3603
-261 1693 -3617
-252 1669 -3659
-365 1727 -3645
-234 1744 -3648
-185 1706 -3619
-193 1607 -3356
-488 1692 -3599
-241 1725 -3633
-232 1646 -3661
-230 1640 -3697
-238 1722 -3822
-203 1771 -3594
-261 1721 -3663
-331 1621 -3692
-334 1670 -3603
-240 1778 -3634
-198 1749 -3565
-194 1636 -3573
-181 1686 -3650
-234 1754 -3685
-309 1713 -3720
-309 1600 -3732
-283 1689 -3598
-19 1793 -3574
-215 1785 -3619
-246 1678 -3652
-275 1625 -3644
-262 1772 -3733
-491 1774 -3645
-249 1657 -3581
-176 1668 -3629
-188 1770 -3627
-248 1718 -3638
-271 1640 -3654
-274 1674 -3612
-207 1755 -3572
-221 1759 -3349
-266 1750 -3594
-241 1700 -3703
-250 1686 -3728
-6 1760 -3585
-189 1715 -3642
-225 1607 -3632
-208 1734 -3651
-219 1813 -3642
-243 1643 -3692
-311 1593 -3655
-273 1709 -3591
-261 1739 -3596
-249 1699 -3616
-271 1705 -3681
-221 1786 -3629
-293 1727 -3667
-305 1659 -3668
-203 1653 -3541
-181 1669 -3585
-224 1752 -3589
-203 1749 -3651
-202 1636 -3645
-309 1577 -3693
-33 1723 -3612
-236 1740 -3618
-203 1641 -3657
-253 1727 -3664
-271 1793 -3712
-34 1683 -3666
-214 1576 -3677
-208 1642 -3543
-255 1812 -3454
-226 1744 -3586
-240 1662 -3710
-441 1720 -3713
-305 1685 -3670
-266 1748 -3656
-232 1710 -3570
-266 1688 -3390
-186 1790 -3688
-215 1767 -3712
-270 1661 -3650
-218 1636 -3645
-210 1718 -3508
-1 1728 -3629
-183 1711 -3623
-207 1711 -3666
-215 1745 -3692
-206 1736 -3742
-241 1755 -3689
-225 1709 -3651
-224 1640 -3654
-214 1700 -3568
-7 1788 -3658
-232 1774 -3666
-235 1685 -3704
-222 1642 -3662
-225 1715 -3617
-260 1732 -3612
-250 1672 -3651
-225 1623 -3636
-216 2044 -3669
-455 1784 -3693
-302 1664 -3725
-259 1557 -3668
-242 1644 -3630
-263 1751 -3604
-251 1759 -3614
-206 1728 -3696
-283 1663 -3700
-328 1704 -3655
-292 1672 -3702
-295 1683 -3631
-266 1654 -3823
-264 1664 -3565
-305 1767 -3624
-318 1796 -3719
-302 1702 -3677
-301 1564 -3653
-261 1673 -3589
-277 1755 -3563
-266 1671 -3601
-248 1660 -3651
-236 1686 -3632
-257 1795 -3724
-259 1667 -3680
-21 1613 -3584
-207 1663 -3565
-212 1752 -3562
-263 1791 -3668
-250 1716 -3672
-258 1660 -3662
-218 1704 -3579
-229 1713 -3398
-220 1707 -3635
-213 1685 -3592
-253 1681 -3342
-231 1755 -3613
-181 1771 -3683
-233 1715 -3632
-250 1636 -3650
-229 1697 -3593
-200 1738 -3386
-235 1777 -3670
-237 1757 -3634
-261 1701 -3714
-250 1742 -3706
-247 1663 -3682
-277 1711 -3612
-259 1651 -3602
-225 1685 -3583
-212 1788 -3781
-263 1569 -3697
-218 1670 -3701
-232 1554 -3692
-242 1714 -3639
-168 1762 -3568
-221 1755 -3585
-223 1629 -3640
-190 1692 -3678
-175 1765 -3620
-198 1684 -3693
-286 1634 -3661
-228 1638 -3564
-226 1734 -3633
-281 1747 -3660
-252 1750 -3683
-174 1640 -3712
-307 1633 -3677
-315 1721 -3609
-299 1736 -3618
-305 1665 -3674
-323 1599 -3630
-304 1737 -3653
-226 1836 -3678
-281 1677 -3697
-40 1608 -3630
-262 1648 -3582
-246 1802 -3368
-260 1755 -3709
-238 1666 -3669
-240 1696 -3659
-229 1775 -3588
-243 1723 -3726
-241 1643 -3670
-261 1655 -3624
-209 1711 -3610
-249 1799 -3645
-253 1785 -3686
-15 1670 -3673
-286 1598 -3690
-250 1662 -3640
-268 1718 -3626
-230 1704 -3513
-256 1720 -3562
-289 1747 -3554
-208 1722 -3714
-262 1722 -3656
-248 1639 -3602
-188 1642 -3596
-174 1718 -3332
-251 1775 -3604
-226 1782 -3667
-216 1668 -3745
-232 1614 -3707
-161 1675 -3633
-184 1798 -3587
-167 1687 -3555
-228 1614 -3614
-176 1752 -3603
-198 1790 -3691
-222 1694 -3671
-200 1514 -3652
-190 1670 -3498
-197 1718 -3527
-220 1734 -3616
-211 1685 -3649
-227 1680 -3651
-262 1726 -3683
-231 1683 -3622
-245 1700 -3633
-202 1638 -3637
-216 1646 -3580
-458 1750 -3609
-213 1783 -3690
-239 1711 -3718
-253 1606 -3652
-269 1675 -3632
-217 1751 -3564
-248 1676 -3622
-278 1660 -3611
-231 1973 -3618
-248 1784 -3703
-255 1687 -3723
-267 1617 -3703
-486 1717 -3589
-255 1743 -3592
-239 1793 -3614
-256 1725 -3661
-327 1691 -3737
-293 1713 -3664
-306 1691 -3627
-267 1701 -3614
-298 1704 -3586
-262 1764 -3594
-315 1745 -3709
-276 1826 -3716
-78 1689 -3740
-260 1678 -3722
-265 1701 -3425
-278 1767 -3539
-238 1764 -3682
-283 1723 -3688
-316 1678 -3676
-226 1692 -3690
-235 1737 -3640
-280 1710 -3580
-214 1668 -3554
-240 1656 -3620
-254 1786 -3649
-191 1751 -3719
-207 1663 -3770
-210 1662 -3611
-247 1725 -3610
-210 1746 -3602
-238 1650 -3594
-278 1656 -3653
-215 1979 -3640
-257 1745 -3667
-292 1666 -3666
-294 1598 -3642
-221 1689 -3569
-221 1691 -3579
-232 1735 -3585
-180 1722 -3612
-209 1677 -3702
-212 1634 -3729
-215 1711 -3633
-188 1708 -3596
-173 1661 -3597
-445 1749 -3599
-272 1768 -3677
-290 1822 -3754
-299 1606 -3760
-306 1620 -3747
-224 1658 -3617
-236 1768 -3556
-275 1761 -3589
-312 1676 -3720
-276 1757 -3754
-263 1699 -3693
-221 1657 -3647
-180 1676 -3533
-306 1760 -3568
-285 1777 -3641
-273 1758 -3749
-342 1720 -3706
-371 1653 -3746
-321 1687 -3577
-30 1737 -3589
-285 1729 -3549
-282 1700 -3630
-264 1735 -3631
-242 1738 -3705
-275 1751 -3720
-261 1662 -3580
-189 1621 -3615
-252 1726 -3557
-243 1767 -3643
-501 1713 -3712
-272 1654 -3681
-221 1705 -3668
-211 1666 -3591
-22 1702 -3611
-255 1791 -3648
-166 1736 -3664
-221 1567 -3709
-436 1638 -3597
-257 1717 -3556
-266 1722 -3622
-284 1686 -3657
-511 1697 -3624
-352 1712 -3698
-348 1672 -3640
-95 1611 -3625
-271 1637 -3558
-306 1694 -3508
-332 1756 -3582
-278 1766 -3660
-304 1672 -3730
-319 1575 -3649
-76 1651 -3615
-232 1784 -3587
-253 1723 -3623
-316 1646 -3724
-229 1735 -3691
-266 1800 -3713
-295 1725 -3651
-66 1604 -3689
-273 1733 -3525
-312 1778 -3540
-61 1729 -3617
-233 1701 -3664
-288 1710 -3707
-282 1734 -3638
-223 1729 -3612
-258 1720 -3576
-57 1698 -3623
-198 1700 -3585
-221 1741 -3637
-237 1786 -3670
-151 1733 -3673
-242 1638 -3668
-208 1704 -3641
-183 1763 -3553
-192 1726 -3556
-215 1687 -3632
-217 1751 -3681
-190 1758 -3692
-480 1684 -3738
-273 1657 -3616
-233 1631 -3393
-217 1749 -3622
-272 1804 -3568
-295 1767 -3659
-284 1619 -3715
-252 1634 -3686
-278 1700 -3617
-262 1708 -3541
-224 1656 -3522
-239 1707 -3562
-283 1763 -3677
-245 1779 -3705
-224 1630 -3744
-217 1615 -3635
-210 1716 -3576
-229 1769 -3566
-247 1727 -3603
-7 1673 -3665
-227 1665 -3707
-242 1690 -3717
-213 1698 -3669
-233 1673 -3546
-271 1625 -3604
-250 1729 -3582
-266 1796 -3669
-235 1777 -3674
-273 1605 -3689
-265 1607 -3629
-261 1721 -3563
-230 1736 -3617
-228 1662 -3580
-271 1661 -3602
-220 1801 -3650
-243 1793 -3717
-248 1674 -3662
-251 1615 -3650
-226 1722 -3539
-231 1741 -3591
-237 1777 -3689
-500 1767 -3649
-313 1727 -3708
-277 1659 -3720
-28 1674 -3650
-264 1740 -3561
-245 1673 -3571
-252 1735 -3557
-223 1787 -3618
-254 1804 -3758
-476 1676 -3667
-269 1567 -3636
-218 1686 -3558
-240 1800 -3513
-258 1794 -3531
-231 1627 -3722
-183 1680 -3729
-258 1728 -3651
-252 1720 -3670
-436 1670 -3610
-223 1643 -3550
-242 1762 -3644
-315 1815 -3671
-312 1720 -3754
-265 1629 -3739
-284 1624 -3650
-286 1786 -3571
-262 1738 -3630
-293 1647 -3704
-300 1696 -3593
-307 1731 -3669
-254 1749 -3691
-238 1634 -3661
-263 1643 -3669
-264 1686 -3569
-289 1765 -3556
-285 1737 -3621
-27 1677 -3704
-175 1645 -3608
-231 1691 -3621
-214 1702 -3591
-186 1680 -3612
-209 1613 -3828
-206 1733 -3583
-215 1853 -3595
-189 1751 -3732
-252 1632 -3785
-484 1635 -3628
-255 1739 -3548
-175 1743 -3562
-209 1713 -3599
-284 1732 -3665
-270 1750 -3710
-319 1705 -3695
-271 1659 -3676
-257 1667 -3605
-242 1705 -3510
-280 1774 -3542
-264 1772 -3664
-21 1729 -3746
-278 1672 -3717
-274 1624 -3636
-237 1773 -3535
-195 1773 -3587
-257 1743 -3676
-283 1722 -3635
-263 1747 -3689
-233 1749 -3678
-247 1627 -3731
-221 1671 -3595
-246 1698 -3577
-266 1795 -3545
-250 1762 -3692
-250 1720 -3717
-267 1649 -3655
-15 1673 -3633
-207 1741 -3357
-249 1703 -3594
-244 1664 -3524
-250 1696 -3583
-259 1537 -3596
-180 1706 -3673
-206 1624 -3636
-206 1637 -3551
-159 1689 -3505
-134 1734 -3539
-171 1735 -3550
-190 1720 -3584
-151 1677 -3658
-196 1672 -3693
-203 1662 -3627
-155 1643 -3633
-134 1622 -3571
-205 1709 -3536
-204 1792 -3607
-155 1671 -3727
-176 1594 -3730
-193 1585 -3659
-167 1754 -3584
-314 1714 -3578
-286 1732 -3566
